1 3
2 3
3 5
4 9
5 8
6 8
7 5
8 6
9 6
10 6
11 2
12 4
13 3
14 1
15 7
16 7
17 5
18 5
19 3
20 1
21 7
22 2
23 0
24 1
25 1
26 3
27 0
28 2
29 9
30 1
31 8
32 9
33 2
34 7
35 1
36 7
37 9
38 6
39 8
40 8
41 9
42 0
43 5
44 1
45 3
46 3
47 7
48 3
49 1
50 9
51 6
52 8
53 4
54 8
55 6
56 4
57 9
58 5
59 5
60 5
61 3
62 8
63 1
64 5
65 3
66 2
67 5
68 1
69 3
70 0
71 3
72 1
73 8
74 9
75 9
76 6
77 6
78 8
79 3
80 3
81 8
82 3
83 6
84 1
85 5
86 4
87 1
88 6
89 2
90 1
91 6
92 4
93 5
94 6
95 7
96 9
97 0
98 0
99 8
100 7
101 2
102 9
103 7
104 0
105 4
106 5
107 3
108 4
109 2
110 9
111 2
112 8
113 8
114 5
115 3
116 9
117 1
118 3
119 3
120 0
121 4
122 1
123 3
124 6
125 7
126 8
127 9
128 0
129 1
130 7
131 1
132 0
133 0
134 8
135 8
136 3
137 6
138 7
139 9
140 5
141 9
142 1
143 3
144 5
145 1
146 7
147 3
148 3
149 0
150 7
151 7
152 1
153 1
154 9
155 0
156 7
157 8
158 5
159 8
160 0
161 3
162 3
163 3
164 5
165 5
166 0
167 3
168 3
169 2
170 5
171 0
172 7
173 7
174 5
175 3
176 1
177 8
178 7
179 5
180 9
181 9
182 8
183 5
184 0
185 4
186 8
187 7
188 1
189 7
190 9
191 7
192 7
193 7
194 8
195 9
196 7
197 0
198 0
199 6
200 0
201 3
202 9
203 5
204 6
205 4
206 5
207 0
208 9
209 2
210 1
211 5
212 3
213 7
214 5
215 8
216 9
217 2
218 7
219 7
220 5
221 2
222 6
223 5
224 6
225 7
226 3
227 3
228 5
229 4
230 0
231 2
232 4
233 0
234 3
235 3
236 1
237 6
238 9
239 4
240 4
241 1
242 7
243 9
244 9
245 2
246 9
247 3
248 9
249 3
250 4
251 6
252 1
253 0
254 9
255 9
256 2
257 6
258 2
259 6
260 2
261 5
262 7
263 9
264 6
265 4
266 6
267 4
268 7
269 6
270 5
271 1
272 8
273 6
274 8
275 6
276 5
277 9
278 4
279 4
280 9
281 7
282 1
283 0
284 2
285 1
286 6
287 5
288 5
289 8
290 9
291 8
292 4
293 3
294 6
295 0
296 8
297 8
298 1
299 4
300 7
301 2
302 6
303 9
304 3
305 2
306 4
307 9
308 5
309 9
310 1
311 0
312 7
313 9
314 4
315 7
316 3
317 8
318 7
319 3
320 6
321 7
322 3
323 3
324 7
325 8
326 5
327 2
328 3
329 3
330 2
331 6
332 8
333 7
334 7
335 4
336 9
337 9
338 7
339 6
340 2
341 7
342 2
343 7
344 7
345 5
346 7
347 9
348 4
349 6
350 8
351 5
352 3
353 6
354 7
355 6
356 9
357 1
358 8
359 5
360 4
361 1
362 9
363 8
364 1
365 4
366 6
367 7
368 6
369 6
370 8
371 7
372 4
373 2
374 9
375 9
376 8
377 7
378 6
379 7
380 3
381 8
382 2
383 0
384 9
385 6
386 9
387 1
388 3
389 9
390 0
391 1
392 2
393 1
394 7
395 7
396 2
397 2
398 0
399 2
400 4
401 4
402 0
403 5
404 2
405 0
406 8
407 1
408 5
409 1
410 0
411 9
412 4
413 2
414 6
415 4
416 9
417 3
418 4
419 9
420 5
421 1
422 3
423 7
424 4
425 5
426 4
427 1
428 6
429 6
430 7
431 2
432 7
433 8
434 9
435 5
436 5
437 3
438 4
439 4
440 4
441 7
442 0
443 7
444 7
445 7
446 7
447 7
448 5
449 8
450 4
451 7
452 8
453 0
454 2
455 5
456 9
457 6
458 3
459 4
460 0
461 7
462 6
463 9
464 0
465 7
466 4
467 8
468 4
469 7
470 4
471 1
472 5
473 5
474 5
475 7
476 9
477 1
478 0
479 4
480 2
481 0
482 0
483 6
484 7
485 5
486 0
487 1
488 5
489 2
490 0
491 3
492 4
493 1
494 0
495 7
496 0
497 5
498 3
499 3
500 5
501 2
502 8
503 5
504 1
505 2
506 9
507 7
508 9
509 2
510 6
511 3
512 5
513 2
514 4
515 2
516 0
517 6
518 2
519 2
520 6
521 7
522 5
523 3
524 7
525 5
526 6
527 8
528 0
529 5
530 5
531 7
532 6
533 1
534 9
535 5
536 5
537 6
538 6
539 9
540 7
541 2
542 0
543 8
544 4
545 8
546 8
547 4
548 3
549 8
550 5
551 4
552 4
553 0
554 7
555 9
556 8
557 3
558 3
559 2
560 4
561 2
562 9
563 2
564 8
565 5
566 1
567 3
568 6
569 8
570 0
571 7
572 0
573 8
574 2
575 7
576 5
577 2
578 2
579 6
580 6
581 2
582 5
583 7
584 9
585 7
586 5
587 1
588 1
589 8
590 8
591 6
592 4
593 6
594 4
595 6
596 4
597 0
598 9
599 6
600 7
601 3
602 7
603 4
604 6
605 1
606 5
607 7
608 2
609 3
610 8
611 7
612 2
613 3
614 6
615 2
616 9
617 5
618 5
619 6
620 2
621 0
622 5
623 3
624 6
625 1
626 2
627 2
628 0
629 3
630 0
631 2
632 4
633 6
634 3
635 5
636 4
637 0
638 9
639 2
640 5
641 2
642 6
643 7
644 8
645 4
646 2
647 4
648 2
649 2
650 4
651 3
652 4
653 7
654 0
655 3
656 6
657 3
658 1
659 0
660 3
661 6
662 3
663 2
664 0
665 1
666 4
667 6
668 6
669 2
670 9
671 8
672 0
673 4
674 0
675 2
676 4
677 9
678 0
679 1
680 5
681 5
682 7
683 8
684 7
685 2
686 4
687 4
688 5
689 6
690 1
691 7
692 6
693 0
694 0
695 0
696 3
697 1
698 9
699 5
700 5
701 1
702 9
703 8
704 7
705 9
706 0
707 5
708 9
709 6
710 9
711 9
712 4
713 2
714 0
715 2
716 9
717 1
718 7
719 8
720 8
721 6
722 6
723 9
724 4
725 9
726 1
727 7
728 4
729 8
730 0
731 8
732 0
733 9
734 6
735 7
736 4
737 6
738 5
739 2
740 3
741 6
742 8
743 2
744 6
745 5
746 4
747 0
748 8
749 6
750 9
751 3
752 8
753 3
754 9
755 9
756 0
757 6
758 9
759 8
760 7
761 3
762 2
763 1
764 1
765 7
766 5
767 2
768 1
769 6
770 6
771 9
772 5
773 7
774 0
775 6
776 3
777 8
778 5
779 9
780 4
781 1
782 1
783 8
784 1
785 4
786 5
787 5
788 3
789 6
790 4
791 7
792 3
793 6
794 4
795 2
796 6
797 8
798 7
799 8
800 2
801 4
802 6
803 2
804 9
805 2
806 6
807 1
808 6
809 6
810 6
811 5
812 0
813 1
814 0
815 0
816 0
817 9
818 8
819 9
820 0
821 3
822 8
823 0
824 4
825 8
826 2
827 3
828 3
829 5
830 9
831 5
832 1
833 9
834 8
835 9
836 3
837 1
838 4
839 6
840 1
841 5
842 0
843 1
844 0
845 8
846 2
847 8
848 8
849 7
850 2
851 6
852 3
853 9
854 2
855 8
856 8
857 7
858 6
859 6
860 9
861 9
862 1
863 7
864 1
865 4
866 9
867 3
868 0
869 4
870 0
871 5
872 3
873 0
874 5
875 7
876 7
877 4
878 5
879 5
880 7
881 4
882 3
883 2
884 1
885 5
886 6
887 1
888 1
889 6
890 7
891 2
892 9
893 8
894 9
895 8
896 5
897 6
898 1
899 7
900 7
901 2
902 9
903 7
904 3
905 1
906 3
907 9
908 5
909 3
910 7
911 0
912 7
913 3
914 5
915 2
916 9
917 1
918 9
919 6
920 6
921 8
922 8
923 4
924 3
925 2
926 7
927 8
928 9
929 8
930 0
931 2
932 2
933 1
934 6
935 5
936 0
937 4
938 7
939 5
940 8
941 5
942 0
943 2
944 8
945 0
946 9
947 1
948 8
949 0
950 6
951 2
952 9
953 1
954 0
955 0
956 2
957 4
958 4
959 4
960 2
961 7
962 7
963 0
964 1
965 7
966 4
967 6
968 0
969 2
970 4
971 1
972 0
973 4
974 0
975 4
976 1
977 7
978 7
979 8
980 6
981 0
982 6
983 9
984 1
985 9
986 0
987 0
988 6
989 5
990 0
991 3
992 7
993 1
994 4
995 2
996 8
997 3
998 5
999 2
1000 9
1001 4
1002 2
1003 4
1004 5
1005 4
1006 9
1007 0
1008 6
1009 0
1010 1
1011 5
1012 9
1013 3
1014 0
1015 4
1016 4
1017 3
1018 5
1019 5
1020 2
1021 3
1022 6
1023 8
1024 3
1025 9
1026 2
1027 3
1028 7
1029 1
1030 8
1031 5
1032 0
1033 4
1034 9
1035 8
1036 7
1037 1
1038 9
1039 8
1040 6
1041 3
1042 0
1043 7
1044 6
1045 3
1046 3
1047 9
1048 1
1049 5
1050 9
1051 4
1052 9
1053 3
1054 6
1055 5
1056 9
1057 6
1058 1
1059 4
1060 2
1061 9
1062 8
1063 8
1064 3
1065 5
1066 4
1067 7
1068 2
1069 4
1070 5
1071 9
1072 0
1073 9
1074 9
1075 2
1076 9
1077 4
1078 7
1079 0
1080 8
1081 2
1082 6
1083 7
1084 2
1085 2
1086 3
1087 1
1088 2
1089 0
1090 1
1091 7
1092 2
1093 7
1094 2
1095 1
1096 6
1097 6
1098 3
1099 8
1100 7
1101 2
1102 1
1103 2
1104 4
1105 1
1106 8
1107 2
1108 3
1109 1
1110 9
1111 4
1112 2
1113 4
1114 6
1115 1
1116 9
1117 6
1118 1
1119 0
1120 5
1121 7
1122 7
1123 5
1124 2
1125 0
1126 1
1127 6
1128 1
1129 5
1130 2
1131 7
1132 4
1133 9
1134 5
1135 7
1136 7
1137 8
1138 8
1139 1
1140 8
1141 3
1142 2
1143 4
1144 4
1145 2
1146 6
1147 2
1148 0
1149 1
1150 7
1151 1
1152 3
1153 2
1154 1
1155 1
1156 9
1157 3
1158 3
1159 5
1160 5
1161 4
1162 2
1163 4
1164 0
1165 1
1166 4
1167 2
1168 1
1169 1
1170 3
1171 2
1172 2
1173 2
1174 2
1175 6
1176 7
1177 0
1178 0
1179 5
1180 8
1181 5
1182 0
1183 7
1184 7
1185 9
1186 0
1187 3
1188 3
1189 6
1190 8
1191 0
1192 5
1193 5
1194 7
1195 3
1196 4
1197 6
1198 5
1199 1
1200 6
1201 2
1202 5
1203 0
1204 5
1205 8
1206 4
1207 0
1208 2
1209 2
1210 9
1211 9
1212 0
1213 8
1214 6
1215 3
1216 8
1217 7
1218 5
1219 0
1220 4
1221 1
1222 5
1223 2
1224 5
1225 7
1226 4
1227 6
1228 9
1229 3
1230 6
1231 8
1232 2
1233 1
1234 1
1235 2
1236 4
1237 7
1238 1
1239 8
1240 2
1241 5
1242 6
1243 8
1244 4
1245 4
1246 6
1247 4
1248 5
1249 5
1250 5
1251 6
1252 0
1253 1
1254 6
1255 3
1256 1
1257 6
1258 2
1259 7
1260 7
1261 1
1262 3
1263 4
1264 5
1265 5
1266 7
1267 1
1268 4
1269 3
1270 7
1271 5
1272 1
1273 4
1274 5
1275 5
1276 0
1277 0
1278 7
1279 6
1280 2
1281 4
1282 8
1283 7
1284 0
1285 9
1286 9
1287 1
1288 5
1289 6
1290 1
1291 8
1292 2
1293 8
1294 2
1295 6
1296 8
1297 9
1298 2
1299 6
1300 4
1301 0
1302 7
1303 7
1304 2
1305 9
1306 9
1307 8
1308 1
1309 5
1310 1
1311 4
1312 7
1313 3
1314 3
1315 2
1316 6
1317 8
1318 8
1319 9
1320 6
1321 4
1322 9
1323 6
1324 1
1325 5
1326 5
1327 7
1328 1
1329 4
1330 4
1331 9
1332 2
1333 2
1334 4
1335 5
1336 8
1337 6
1338 5
1339 8
1340 6
1341 1
1342 3
1343 2
1344 4
1345 1
1346 9
1347 7
1348 5
1349 4
1350 2
1351 4
1352 9
1353 3
1354 0
1355 6
1356 7
1357 8
1358 1
1359 7
1360 8
1361 6
1362 2
1363 5
1364 9
1365 3
1366 5
1367 8
1368 5
1369 5
1370 4
1371 1
1372 9
1373 0
1374 5
1375 3
1376 3
1377 9
1378 7
1379 1
1380 7
1381 8
1382 9
1383 1
1384 5
1385 0
1386 5
1387 4
1388 5
1389 5
1390 5
1391 8
1392 6
1393 3
1394 6
1395 4
1396 4
1397 5
1398 5
1399 6
1400 2
1401 0
1402 7
1403 9
1404 3
1405 8
1406 0
1407 3
1408 1
1409 4
1410 0
1411 5
1412 8
1413 4
1414 5
1415 0
1416 5
1417 8
1418 1
1419 4
1420 5
1421 5
1422 4
1423 5
1424 0
1425 7
1426 2
1427 1
1428 7
1429 4
1430 1
1431 5
1432 5
1433 3
1434 8
1435 6
1436 6
1437 4
1438 3
1439 9
1440 0
1441 1
1442 3
1443 0
1444 7
1445 2
1446 3
1447 7
1448 9
1449 3
1450 2
1451 9
1452 3
1453 6
1454 9
1455 3
1456 3
1457 2
1458 4
1459 5
1460 9
1461 3
1462 4
1463 0
1464 8
1465 0
1466 4
1467 4
1468 6
1469 7
1470 6
1471 8
1472 6
1473 5
1474 7
1475 7
1476 8
1477 4
1478 0
1479 6
1480 8
1481 8
1482 8
1483 0
1484 8
1485 2
1486 5
1487 6
1488 7
1489 4
1490 0
1491 5
1492 1
1493 1
1494 5
1495 3
1496 7
1497 0
1498 3
1499 4
1500 8
1501 1
1502 6
1503 5
1504 6
1505 5
1506 3
1507 5
1508 4
1509 0
1510 6
1511 5
1512 6
1513 3
1514 0
1515 5
1516 6
1517 9
1518 7
1519 8
1520 4
1521 5
1522 3
1523 3
1524 2
1525 6
1526 2
1527 0
1528 8
1529 0
1530 4
1531 9
1532 9
1533 0
1534 5
1535 3
1536 6
1537 8
1538 3
1539 4
1540 5
1541 9
1542 7
1543 5
1544 1
1545 4
1546 4
1547 2
1548 3
1549 5
1550 6
1551 1
1552 1
1553 1
1554 9
1555 8
1556 3
1557 9
1558 9
1559 2
1560 6
1561 4
1562 7
1563 7
1564 0
1565 4
1566 7
1567 4
1568 2
1569 7
1570 7
1571 6
1572 9
1573 8
1574 0
1575 3
1576 1
1577 0
1578 1
1579 1
1580 0
1581 5
1582 8
1583 8
1584 1
1585 5
1586 5
1587 8
1588 1
1589 7
1590 1
1591 8
1592 4
1593 9
1594 2
1595 3
1596 9
1597 3
1598 2
1599 8
1600 6
1601 8
1602 9
1603 4
1604 3
1605 8
1606 9
1607 8
1608 4
1609 4
1610 3
1611 3
1612 2
1613 4
1614 9
1615 0
1616 5
1617 6
1618 9
1619 1
1620 9
1621 5
1622 4
1623 9
1624 1
1625 7
1626 2
1627 6
1628 8
1629 7
1630 6
1631 0
1632 9
1633 5
1634 5
1635 9
1636 5
1637 0
1638 8
1639 0
1640 4
1641 1
1642 2
1643 4
1644 8
1645 4
1646 8
1647 1
1648 9
1649 2
1650 8
1651 3
1652 2
1653 5
1654 9
1655 7
1656 1
1657 6
1658 3
1659 8
1660 7
1661 3
1662 0
1663 8
1664 0
1665 2
1666 9
1667 2
1668 5
1669 3
1670 8
1671 1
1672 9
1673 5
1674 9
1675 9
1676 7
1677 6
1678 9
1679 8
1680 0
1681 4
1682 1
1683 5
1684 4
1685 4
1686 8
1687 5
1688 5
1689 1
1690 2
1691 1
1692 7
1693 2
1694 8
1695 1
1696 6
1697 0
1698 2
1699 2
1700 6
1701 2
1702 0
1703 3
1704 3
1705 1
1706 9
1707 4
1708 3
1709 0
1710 6
1711 6
1712 6
1713 2
1714 9
1715 7
1716 3
1717 2
1718 7
1719 5
1720 9
1721 5
1722 3
1723 1
1724 9
1725 2
1726 2
1727 2
1728 7
1729 6
1730 6
1731 5
1732 9
1733 7
1734 3
1735 5
1736 5
1737 3
1738 2
1739 3
1740 5
1741 3
1742 6
1743 0
1744 4
1745 8
1746 1
1747 9
1748 5
1749 2
1750 5
1751 2
1752 1
1753 0
1754 2
1755 8
1756 6
1757 7
1758 0
1759 0
1760 1
1761 4
1762 2
1763 1
1764 3
1765 9
1766 9
1767 7
1768 9
1769 7
1770 8
1771 8
1772 4
1773 2
1774 4
1775 3
1776 5
1777 5
1778 3
1779 6
1780 0
1781 1
1782 6
1783 7
1784 9
1785 5
1786 9
1787 9
1788 1
1789 2
1790 2
1791 0
1792 4
1793 2
1794 6
1795 1
1796 8
1797 3
1798 7
1799 0
1800 4
1801 6
1802 1
1803 5
1804 7
1805 4
1806 8
1807 0
1808 4
1809 0
1810 1
1811 5
1812 1
1813 0
1814 5
1815 0
1816 2
1817 5
1818 0
1819 0
1820 9
1821 9
1822 9
1823 1
1824 7
1825 5
1826 9
1827 4
1828 3
1829 6
1830 8
1831 4
1832 6
1833 6
1834 9
1835 2
1836 2
1837 1
1838 9
1839 5
1840 9
1841 6
1842 0
1843 6
1844 2
1845 7
1846 3
1847 1
1848 6
1849 5
1850 7
1851 7
1852 6
1853 4
1854 8
1855 7
1856 6
1857 7
1858 9
1859 4
1860 1
1861 4
1862 8
1863 0
1864 5
1865 2
1866 1
1867 5
1868 2
1869 4
1870 3
1871 6
1872 3
1873 6
1874 8
1875 9
1876 5
1877 1
1878 8
1879 5
1880 2
1881 7
1882 4
1883 4
1884 1
1885 3
1886 8
1887 1
1888 4
1889 0
1890 6
1891 2
1892 6
1893 6
1894 0
1895 0
1896 5
1897 3
1898 4
1899 3
1900 4
1901 4
1902 1
1903 1
1904 6
1905 0
1906 1
1907 3
1908 0
1909 9
1910 7
1911 8
1912 5
1913 0
1914 7
1915 2
1916 7
1917 3
1918 0
1919 8
1920 5
1921 6
1922 4
1923 1
1924 0
1925 3
1926 7
1927 4
1928 5
1929 3
1930 6
1931 4
1932 9
1933 9
1934 0
1935 5
1936 6
1937 4
1938 4
1939 9
1940 0
1941 9
1942 2
1943 5
1944 6
1945 4
1946 0
1947 2
1948 2
1949 4
1950 7
1951 9
1952 2
1953 3
1954 5
1955 8
1956 9
1957 3
1958 1
1959 5
1960 4
1961 8
1962 7
1963 1
1964 7
1965 6
1966 6
1967 9
1968 4
1969 9
1970 2
1971 4
1972 3
1973 6
1974 7
1975 0
1976 3
1977 5
1978 9
1979 5
1980 0
1981 4
1982 3
1983 0
1984 2
1985 2
1986 3
1987 7
1988 3
1989 0
1990 0
1991 0
1992 3
1993 0
1994 6
1995 9
1996 3
1997 1
1998 1
1999 9
2000 5
2001 9
2002 1
2003 5
2004 2
2005 3
2006 0
2007 8
2008 4
2009 2
2010 4
2011 1
2012 2
2013 9
2014 4
2015 2
2016 9
2017 5
2018 8
2019 7
2020 7
2021 9
2022 7
2023 8
2024 2
2025 6
2026 5
2027 0
2028 0
2029 0
2030 9
2031 3
2032 7
2033 0
2034 9
2035 4
2036 9
2037 4
2038 8
2039 2
2040 3
2041 9
2042 5
2043 8
2044 8
2045 1
2046 7
2047 9
2048 4
2049 9
2050 5
2051 6
2052 5
2053 1
2054 7
2055 5
2056 7
2057 9
2058 5
2059 2
2060 8
2061 5
2062 9
2063 5
2064 4
2065 2
2066 5
2067 7
2068 9
2069 3
2070 9
2071 3
2072 8
2073 1
2074 2
2075 9
2076 5
2077 9
2078 2
2079 8
2080 6
2081 9
2082 0
2083 1
2084 3
2085 6
2086 0
2087 2
2088 1
2089 0
2090 0
2091 9
2092 4
2093 3
2094 8
2095 0
2096 4
2097 3
2098 6
2099 6
2100 8
2101 9
2102 5
2103 2
2104 3
2105 0
2106 9
2107 6
2108 9
2109 9
2110 3
2111 4
2112 1
2113 3
2114 6
2115 1
2116 2
2117 9
2118 0
2119 4
2120 4
2121 1
2122 7
2123 0
2124 3
2125 4
2126 6
2127 2
2128 8
2129 2
2130 6
2131 4
2132 1
2133 7
2134 0
2135 3
2136 7
2137 8
2138 3
2139 9
2140 8
2141 3
2142 5
2143 7
2144 4
2145 5
2146 6
2147 2
2148 2
2149 3
2150 3
2151 7
2152 0
2153 3
2154 8
2155 8
2156 7
2157 1
2158 9
2159 7
2160 0
2161 0
2162 9
2163 7
2164 1
2165 6
2166 0
2167 0
2168 7
2169 6
2170 5
2171 5
2172 7
2173 0
2174 6
2175 5
2176 4
2177 2
2178 3
2179 9
2180 0
2181 3
2182 8
2183 8
2184 7
2185 4
2186 7
2187 1
2188 9
2189 1
2190 1
2191 3
2192 5
2193 0
2194 7
2195 9
2196 1
2197 1
2198 5
2199 4
2200 0
2201 7
2202 6
2203 1
2204 1
2205 3
2206 4
2207 6
2208 0
2209 5
2210 4
2211 0
2212 5
2213 9
2214 8
2215 1
2216 5
2217 7
2218 9
2219 1
2220 9
2221 0
2222 2
2223 3
2224 0
2225 5
2226 7
2227 5
2228 6
2229 2
2230 6
2231 4
2232 6
2233 7
2234 1
2235 5
2236 7
2237 5
2238 3
2239 5
2240 9
2241 1
2242 6
2243 4
2244 9
2245 1
2246 8
2247 7
2248 7
2249 7
2250 0
2251 1
2252 4
2253 8
2254 7
2255 5
2256 5
2257 4
2258 5
2259 8
2260 2
2261 1
2262 8
2263 5
2264 0
2265 2
2266 6
2267 2
2268 6
2269 9
2270 3
2271 2
2272 4
2273 9
2274 2
2275 4
2276 0
2277 5
2278 5
2279 4
2280 0
2281 8
2282 5
2283 2
2284 1
2285 5
2286 6
2287 2
2288 2
2289 5
2290 0
2291 4
2292 4
2293 7
2294 1
2295 9
2296 6
2297 9
2298 8
2299 2
2300 3
2301 6
2302 6
2303 6
2304 2
2305 3
2306 3
2307 5
2308 5
2309 4
2310 9
2311 8
2312 6
2313 2
2314 8
2315 1
2316 6
2317 8
2318 9
2319 6
2320 9
2321 6
2322 6
2323 6
2324 8
2325 3
2326 6
2327 2
2328 7
2329 7
2330 8
2331 9
2332 0
2333 7
2334 8
2335 3
2336 2
2337 2
2338 4
2339 4
2340 5
2341 5
2342 2
2343 3
2344 0
2345 6
2346 7
2347 7
2348 8
2349 6
2350 6
2351 1
2352 1
2353 8
2354 6
2355 1
2356 9
2357 0
2358 7
2359 0
2360 1
2361 4
2362 6
2363 6
2364 9
2365 9
2366 5
2367 9
2368 0
2369 1
2370 9
2371 0
2372 4
2373 8
2374 0
2375 9
2376 6
2377 1
2378 8
2379 1
2380 6
2381 3
2382 9
2383 8
2384 9
2385 9
2386 1
2387 4
2388 8
2389 8
2390 4
2391 2
2392 7
2393 1
2394 8
2395 1
2396 7
2397 3
2398 3
2399 0
2400 2
2401 5
2402 7
2403 7
2404 9
2405 9
2406 1
2407 6
2408 4
2409 0
2410 0
2411 4
2412 7
2413 7
2414 0
2415 4
2416 7
2417 9
2418 1
2419 8
2420 6
2421 3
2422 4
2423 5
2424 0
2425 7
2426 2
2427 6
2428 8
2429 5
2430 6
2431 3
2432 9
2433 3
2434 9
2435 4
2436 4
2437 9
2438 6
2439 4
2440 2
2441 5
2442 9
2443 5
2444 0
2445 7
2446 5
2447 6
2448 8
2449 3
2450 2
2451 9
2452 2
2453 0
2454 3
2455 6
2456 9
2457 5
2458 7
2459 8
2460 5
2461 8
2462 7
2463 3
2464 8
2465 2
2466 6
2467 0
2468 9
2469 0
2470 8
2471 7
2472 7
2473 0
2474 6
2475 1
2476 6
2477 9
2478 4
2479 8
2480 4
2481 4
2482 3
2483 5
2484 4
2485 5
2486 0
2487 9
2488 9
2489 1
2490 4
2491 8
2492 6
2493 5
2494 2
2495 8
2496 6
2497 0
2498 4
2499 3
2500 2
2501 5
2502 6
2503 5
2504 6
2505 3
2506 8
2507 3
2508 9
2509 0
2510 0
2511 1
2512 6
2513 0
2514 6
2515 3
2516 3
2517 4
2518 0
2519 3
2520 0
2521 6
2522 1
2523 1
2524 5
2525 6
2526 3
2527 0
2528 3
2529 5
2530 3
2531 9
2532 6
2533 3
2534 5
2535 4
2536 0
2537 9
2538 8
2539 3
2540 6
2541 3
2542 2
2543 1
2544 8
2545 8
2546 3
2547 5
2548 8
2549 3
2550 4
2551 4
2552 7
2553 3
2554 0
2555 8
2556 0
2557 8
2558 8
2559 3
2560 9
2561 0
2562 1
2563 2
2564 9
2565 6
2566 5
2567 8
2568 6
2569 2
2570 7
2571 9
2572 4
2573 8
2574 4
2575 5
2576 7
2577 3
2578 6
2579 1
2580 9
2581 1
2582 9
2583 2
2584 8
2585 2
2586 8
2587 7
2588 2
2589 2
2590 2
2591 8
2592 9
2593 3
2594 3
2595 6
2596 9
2597 7
2598 7
2599 3
2600 6
2601 7
2602 9
2603 7
2604 8
2605 2
2606 3
2607 7
2608 8
2609 7
2610 5
2611 4
2612 9
2613 7
2614 7
2615 9
2616 5
2617 8
2618 1
2619 9
2620 2
2621 8
2622 0
2623 8
2624 4
2625 2
2626 1
2627 5
2628 1
2629 3
2630 9
2631 8
2632 4
2633 8
2634 0
2635 9
2636 2
2637 5
2638 9
2639 4
2640 3
2641 7
2642 0
2643 7
2644 7
2645 3
2646 7
2647 4
2648 9
2649 9
2650 0
2651 0
2652 0
2653 7
2654 9
2655 0
2656 8
2657 4
2658 9
2659 0
2660 4
2661 5
2662 6
2663 0
2664 7
2665 1
2666 2
2667 2
2668 8
2669 8
2670 7
2671 4
2672 4
2673 5
2674 0
2675 0
2676 8
2677 3
2678 4
2679 3
2680 3
2681 9
2682 3
2683 4
2684 9
2685 2
2686 7
2687 8
2688 6
2689 6
2690 1
2691 3
2692 8
2693 8
2694 0
2695 0
2696 1
2697 9
2698 8
2699 9
2700 5
2701 7
2702 3
2703 4
2704 8
2705 6
2706 7
2707 1
2708 6
2709 8
2710 3
2711 8
2712 9
2713 4
2714 2
2715 0
2716 6
2717 7
2718 4
2719 6
2720 2
2721 2
2722 4
2723 4
2724 2
2725 7
2726 9
2727 7
2728 7
2729 1
2730 8
2731 1
2732 1
2733 6
2734 5
2735 4
2736 3
2737 7
2738 0
2739 3
2740 0
2741 3
2742 6
2743 0
2744 5
2745 7
2746 6
2747 7
2748 6
2749 7
2750 9
2751 6
2752 2
2753 9
2754 4
2755 0
2756 3
2757 9
2758 3
2759 8
2760 3
2761 7
2762 9
2763 2
2764 6
2765 8
2766 6
2767 6
2768 8
2769 4
2770 1
2771 9
2772 0
2773 0
2774 0
2775 8
2776 6
2777 9
2778 3
2779 7
2780 3
2781 3
2782 3
2783 9
2784 7
2785 4
2786 9
2787 6
2788 2
2789 8
2790 0
2791 2
2792 1
2793 4
2794 7
2795 3
2796 6
2797 3
2798 4
2799 1
2800 0
2801 7
2802 0
2803 7
2804 8
2805 0
2806 6
2807 9
2808 2
2809 0
2810 8
2811 0
2812 9
2813 1
2814 6
2815 4
2816 5
2817 5
2818 9
2819 6
2820 0
2821 1
2822 2
2823 6
2824 8
2825 4
2826 0
2827 4
2828 1
2829 5
2830 2
2831 6
2832 0
2833 2
2834 1
2835 1
2836 2
2837 9
2838 9
2839 9
2840 6
2841 5
2842 4
2843 0
2844 4
2845 3
2846 6
2847 0
2848 4
2849 6
2850 4
2851 9
2852 3
2853 3
2854 2
2855 6
2856 9
2857 5
2858 6
2859 6
2860 7
2861 2
2862 1
2863 0
2864 3
2865 2
2866 8
2867 2
2868 5
2869 9
2870 2
2871 5
2872 7
2873 1
2874 5
2875 3
2876 5
2877 1
2878 8
2879 1
2880 3
2881 0
2882 4
2883 6
2884 8
2885 4
2886 5
2887 2
2888 9
2889 3
2890 3
2891 4
2892 3
2893 2
2894 6
2895 3
2896 0
2897 7
2898 1
2899 1
2900 5
2901 5
2902 3
2903 7
2904 8
2905 0
2906 1
2907 7
2908 4
2909 6
2910 3
2911 1
2912 7
2913 1
2914 5
2915 3
2916 2
2917 4
2918 6
2919 1
2920 2
2921 0
2922 1
2923 2
2924 7
2925 9
2926 7
2927 4
2928 5
2929 5
2930 0
2931 5
2932 4
2933 0
2934 2
2935 9
2936 2
2937 9
2938 4
2939 0
2940 7
2941 4
2942 7
2943 8
2944 8
2945 0
2946 8
2947 4
2948 6
2949 6
2950 0
2951 8
2952 4
2953 5
2954 1
2955 9
2956 2
2957 4
2958 7
2959 5
2960 8
2961 9
2962 9
2963 4
2964 6
2965 3
2966 9
2967 7
2968 6
2969 1
2970 5
2971 9
2972 5
2973 1
2974 2
2975 7
2976 7
2977 8
2978 8
2979 4
2980 3
2981 0
2982 1
2983 3
2984 4
2985 2
2986 7
2987 3
2988 3
2989 1
2990 2
2991 2
2992 0
2993 1
2994 6
2995 5
2996 7
2997 5
2998 6
2999 7
3000 5
3001 6
3002 5
3003 8
3004 0
3005 6
3006 1
3007 4
3008 8
3009 6
3010 3
3011 3
3012 5
3013 3
3014 9
3015 2
3016 9
3017 4
3018 6
3019 9
3020 5
3021 1
3022 7
3023 6
3024 4
3025 4
3026 1
3027 8
3028 8
3029 5
3030 2
3031 1
3032 8
3033 0
3034 5
3035 3
3036 7
3037 6
3038 6
3039 7
3040 0
3041 7
3042 4
3043 5
3044 6
3045 5
3046 6
3047 9
3048 8
3049 6
3050 0
3051 6
3052 0
3053 4
3054 4
3055 2
3056 0
3057 8
3058 9
3059 5
3060 2
3061 6
3062 1
3063 0
3064 9
3065 5
3066 0
3067 8
3068 5
3069 4
3070 9
3071 1
3072 8
3073 7
3074 3
3075 7
3076 0
3077 3
3078 1
3079 7
3080 4
3081 0
3082 9
3083 2
3084 6
3085 8
3086 0
3087 6
3088 8
3089 4
3090 5
3091 3
3092 8
3093 0
3094 1
3095 1
3096 9
3097 0
3098 7
3099 5
3100 4
3101 0
3102 1
3103 2
3104 9
3105 1
3106 3
3107 2
3108 9
3109 9
3110 9
3111 7
3112 4
3113 8
3114 7
3115 1
3116 9
3117 7
3118 3
3119 9
3120 9
3121 3
3122 1
3123 1
3124 8
3125 1
3126 9
3127 2
3128 8
3129 8
3130 9
3131 6
3132 9
3133 3
3134 9
3135 2
3136 1
3137 8
3138 1
3139 3
3140 6
3141 5
3142 5
3143 8
3144 3
3145 8
3146 6
3147 8
3148 3
3149 5
3150 1
3151 7
3152 3
3153 4
3154 1
3155 5
3156 5
3157 6
3158 8
3159 1
3160 6
3161 7
3162 8
3163 4
3164 0
3165 0
3166 0
3167 3
3168 4
3169 6
3170 9
3171 8
3172 3
3173 1
3174 9
3175 7
3176 1
3177 3
3178 3
3179 4
3180 6
3181 0
3182 5
3183 0
3184 3
3185 9
3186 1
3187 1
3188 0
3189 2
3190 6
3191 3
3192 4
3193 5
3194 4
3195 6
3196 2
3197 9
3198 9
3199 9
3200 8
3201 5
3202 6
3203 5
3204 6
3205 4
3206 7
3207 5
3208 7
3209 2
3210 2
3211 3
3212 2
3213 5
3214 6
3215 0
3216 9
3217 3
3218 1
3219 1
3220 1
3221 8
3222 5
3223 1
3224 3
3225 6
3226 5
3227 6
3228 5
3229 5
3230 5
3231 7
3232 4
3233 4
3234 8
3235 2
3236 4
3237 8
3238 0
3239 8
3240 8
3241 9
3242 2
3243 2
3244 7
3245 4
3246 0
3247 7
3248 2
3249 4
3250 6
3251 9
3252 6
3253 0
3254 3
3255 2
3256 3
3257 7
3258 4
3259 4
3260 5
3261 4
3262 1
3263 0
3264 5
3265 5
3266 7
3267 8
3268 5
3269 5
3270 5
3271 4
3272 4
3273 4
3274 0
3275 7
3276 2
3277 0
3278 1
3279 6
3280 6
3281 4
3282 6
3283 7
3284 4
3285 9
3286 3
3287 3
3288 8
3289 9
3290 8
3291 3
3292 3
3293 9
3294 3
3295 7
3296 2
3297 8
3298 8
3299 9
3300 1
3301 5
3302 1
3303 2
3304 2
3305 0
3306 5
3307 0
3308 6
3309 4
3310 1
3311 7
3312 7
3313 9
3314 1
3315 4
3316 2
3317 0
3318 5
3319 1
3320 3
3321 0
3322 7
3323 5
3324 0
3325 4
3326 7
3327 1
3328 7
3329 8
3330 4
3331 6
3332 4
3333 4
3334 9
3335 4
3336 4
3337 8
3338 1
3339 1
3340 9
3341 0
3342 5
3343 8
3344 0
3345 3
3346 5
3347 5
3348 2
3349 3
3350 3
3351 8
3352 0
3353 8
3354 3
3355 8
3356 4
3357 7
3358 9
3359 2
3360 9
3361 5
3362 7
3363 0
3364 1
3365 6
3366 4
3367 9
3368 0
3369 0
3370 9
3371 6
3372 1
3373 3
3374 4
3375 9
3376 1
3377 6
3378 8
3379 8
3380 8
3381 5
3382 8
3383 1
3384 2
3385 9
3386 7
3387 1
3388 7
3389 1
3390 8
3391 1
3392 7
3393 7
3394 6
3395 8
3396 4
3397 5
3398 1
3399 2
3400 9
3401 8
3402 1
3403 6
3404 6
3405 5
3406 2
3407 2
3408 7
3409 0
3410 4
3411 4
3412 5
3413 8
3414 7
3415 8
3416 9
3417 5
3418 0
3419 6
3420 4
3421 3
3422 8
3423 1
3424 6
3425 3
3426 2
3427 4
3428 6
3429 6
3430 7
3431 1
3432 6
3433 6
3434 2
3435 3
3436 4
3437 5
3438 6
3439 9
3440 8
3441 6
3442 0
3443 0
3444 7
3445 5
3446 1
3447 7
3448 0
3449 7
3450 0
3451 4
3452 2
3453 0
3454 8
3455 7
3456 6
3457 7
3458 0
3459 9
3460 0
3461 5
3462 4
3463 2
3464 3
3465 3
3466 8
3467 3
3468 8
3469 7
3470 5
3471 9
3472 0
3473 7
3474 0
3475 6
3476 5
3477 3
3478 5
3479 7
3480 3
3481 0
3482 0
3483 7
3484 2
3485 5
3486 3
3487 5
3488 7
3489 4
3490 3
3491 9
3492 4
3493 2
3494 0
3495 6
3496 7
3497 0
3498 5
3499 3
3500 9
3501 3
3502 5
3503 1
3504 4
3505 8
3506 9
3507 0
3508 1
3509 6
3510 7
3511 7
3512 4
3513 6
3514 8
3515 4
3516 8
3517 9
3518 8
3519 0
3520 2
3521 3
3522 5
3523 8
3524 1
3525 6
3526 8
3527 5
3528 6
3529 0
3530 4
3531 0
3532 4
3533 4
3534 3
3535 2
3536 8
3537 3
3538 6
3539 8
3540 9
3541 9
3542 6
3543 2
3544 5
3545 1
3546 1
3547 1
3548 0
3549 6
3550 8
3551 9
3552 0
3553 2
3554 6
3555 1
3556 9
3557 9
3558 6
3559 9
3560 8
3561 6
3562 5
3563 4
3564 1
3565 1
3566 3
3567 9
3568 5
3569 8
3570 5
3571 5
3572 0
3573 0
3574 4
3575 7
3576 8
3577 8
3578 9
3579 1
3580 7
3581 2
3582 4
3583 1
3584 2
3585 8
3586 9
3587 2
3588 8
3589 6
3590 5
3591 3
3592 0
3593 5
3594 7
3595 3
3596 9
3597 6
3598 0
3599 4
3600 5
3601 9
3602 5
3603 2
3604 9
3605 5
3606 6
3607 3
3608 0
3609 4
3610 8
3611 1
3612 8
3613 9
3614 8
3615 4
3616 7
3617 8
3618 5
3619 9
3620 7
3621 7
3622 9
3623 3
3624 3
3625 1
3626 5
3627 2
3628 0
3629 0
3630 7
3631 0
3632 4
3633 1
3634 3
3635 4
3636 0
3637 7
3638 0
3639 1
3640 1
3641 2
3642 0
3643 9
3644 5
3645 0
3646 3
3647 4
3648 0
3649 0
3650 2
3651 7
3652 9
3653 8
3654 6
3655 0
3656 6
3657 7
3658 4
3659 1
3660 1
3661 8
3662 4
3663 4
3664 9
3665 0
3666 8
3667 4
3668 2
3669 3
3670 1
3671 2
3672 2
3673 1
3674 0
3675 0
3676 2
3677 4
3678 2
3679 8
3680 7
3681 5
3682 2
3683 5
3684 5
3685 1
3686 6
3687 6
3688 0
3689 2
3690 1
3691 0
3692 4
3693 5
3694 8
3695 5
3696 3
3697 0
3698 6
3699 0
3700 2
3701 9
3702 2
3703 2
3704 8
3705 9
3706 2
3707 2
3708 3
3709 8
3710 5
3711 2
3712 0
3713 0
3714 6
3715 1
3716 4
3717 2
3718 4
3719 7
3720 3
3721 5
3722 3
3723 9
3724 2
3725 2
3726 5
3727 0
3728 4
3729 1
3730 0
3731 7
3732 1
3733 8
3734 1
3735 9
3736 1
3737 9
3738 6
3739 9
3740 2
3741 8
3742 0
3743 5
3744 6
3745 8
3746 4
3747 6
3748 0
3749 6
3750 3
3751 7
3752 8
3753 4
3754 5
3755 3
3756 2
3757 9
3758 2
3759 3
3760 5
3761 9
3762 1
3763 0
3764 3
3765 0
3766 0
3767 2
3768 5
3769 4
3770 8
3771 8
3772 7
3773 0
3774 3
3775 4
3776 4
3777 8
3778 8
3779 0
3780 2
3781 7
3782 2
3783 7
3784 7
3785 1
3786 7
3787 2
3788 1
3789 5
3790 7
3791 0
3792 6
3793 0
3794 9
3795 1
3796 5
3797 4
3798 5
3799 9
3800 4
3801 1
3802 7
3803 4
3804 7
3805 4
3806 6
3807 4
3808 3
3809 8
3810 9
3811 5
3812 0
3813 4
3814 3
3815 9
3816 1
3817 2
3818 8
3819 1
3820 0
3821 8
3822 9
3823 3
3824 7
3825 3
3826 1
3827 7
3828 0
3829 9
3830 8
3831 1
3832 5
3833 7
3834 9
3835 0
3836 4
3837 5
3838 6
3839 6
3840 9
3841 8
3842 0
3843 5
3844 9
3845 9
3846 1
3847 4
3848 5
3849 1
3850 5
3851 1
3852 1
3853 7
3854 8
3855 2
3856 2
3857 2
3858 2
3859 8
3860 1
3861 3
3862 3
3863 8
3864 2
3865 8
3866 3
3867 8
3868 9
3869 9
3870 8
3871 2
3872 4
3873 2
3874 3
3875 5
3876 9
3877 7
3878 2
3879 0
3880 2
3881 8
3882 2
3883 7
3884 7
3885 4
3886 8
3887 9
3888 4
3889 5
3890 5
3891 8
3892 6
3893 5
3894 1
3895 3
3896 9
3897 3
3898 6
3899 3
3900 9
3901 1
3902 3
3903 4
3904 5
3905 2
3906 4
3907 8
3908 3
3909 8
3910 5
3911 6
3912 4
3913 9
3914 7
3915 7
3916 7
3917 9
3918 4
3919 5
3920 3
3921 9
3922 0
3923 8
3924 4
3925 1
3926 6
3927 5
3928 1
3929 6
3930 4
3931 6
3932 0
3933 9
3934 7
3935 8
3936 7
3937 5
3938 2
3939 9
3940 5
3941 0
3942 0
3943 1
3944 7
3945 4
3946 4
3947 2
3948 7
3949 5
3950 4
3951 7
3952 6
3953 0
3954 4
3955 4
3956 7
3957 8
3958 8
3959 5
3960 1
3961 8
3962 5
3963 6
3964 0
3965 2
3966 4
3967 6
3968 8
3969 8
3970 4
3971 4
3972 7
3973 3
3974 4
3975 5
3976 1
3977 4
3978 8
3979 3
3980 6
3981 0
3982 6
3983 6
3984 9
3985 2
3986 1
3987 3
3988 9
3989 9
3990 1
3991 4
3992 1
3993 7
3994 1
3995 1
3996 9
3997 0
3998 1
3999 0
4000 8
4001 3
4002 1
4003 6
4004 9
4005 0
4006 0
4007 7
4008 1
4009 1
4010 7
4011 3
4012 3
4013 8
4014 7
4015 6
4016 7
4017 4
4018 4
4019 1
4020 8
4021 3
4022 0
4023 5
4024 9
4025 0
4026 4
4027 9
4028 2
4029 7
4030 4
4031 0
4032 9
4033 8
4034 3
4035 6
4036 5
4037 8
4038 2
4039 0
4040 9
4041 7
4042 2
4043 6
4044 4
4045 9
4046 1
4047 7
4048 6
4049 1
4050 7
4051 5
4052 2
4053 1
4054 7
4055 7
4056 0
4057 5
4058 8
4059 0
4060 1
4061 7
4062 1
4063 6
4064 8
4065 7
4066 5
4067 9
4068 9
4069 8
4070 7
4071 8
4072 6
4073 8
4074 6
4075 6
4076 0
4077 7
4078 2
4079 7
4080 9
4081 1
4082 5
4083 0
4084 5
4085 7
4086 1
4087 4
4088 5
4089 5
4090 1
4091 0
4092 8
4093 0
4094 8
4095 0
4096 3
4097 5
4098 7
4099 7
4100 1
4101 4
4102 7
4103 4
4104 9
4105 1
4106 0
4107 5
4108 0
4109 3
4110 6
4111 8
4112 5
4113 3
4114 4
4115 4
4116 2
4117 5
4118 7
4119 8
4120 8
4121 9
4122 0
4123 4
4124 4
4125 2
4126 0
4127 1
4128 3
4129 0
4130 5
4131 5
4132 7
4133 2
4134 6
4135 4
4136 2
4137 5
4138 9
4139 3
4140 6
4141 8
4142 6
4143 9
4144 7
4145 3
4146 3
4147 1
4148 3
4149 9
4150 4
4151 4
4152 1
4153 1
4154 5
4155 0
4156 7
4157 1
4158 6
4159 4
4160 8
4161 0
4162 1
4163 5
4164 4
4165 4
4166 6
4167 7
4168 4
4169 9
4170 5
4171 0
4172 3
4173 5
4174 8
4175 5
4176 4
4177 6
4178 3
4179 7
4180 7
4181 6
4182 0
4183 7
4184 6
4185 3
4186 2
4187 4
4188 3
4189 1
4190 5
4191 5
4192 6
4193 0
4194 4
4195 2
4196 6
4197 6
4198 6
4199 3
4200 0
4201 4
4202 6
4203 3
4204 9
4205 5
4206 5
4207 4
4208 2
4209 5
4210 8
4211 0
4212 9
4213 0
4214 3
4215 2
4216 4
4217 0
4218 9
4219 1
4220 3
4221 5
4222 7
4223 0
4224 0
4225 9
4226 0
4227 5
4228 2
4229 6
4230 5
4231 2
4232 4
4233 8
4234 0
4235 4
4236 8
4237 3
4238 0
4239 0
4240 6
4241 2
4242 4
4243 6
4244 5
4245 3
4246 0
4247 6
4248 6
4249 7
4250 8
4251 5
4252 9
4253 5
4254 0
4255 8
4256 3
4257 2
4258 4
4259 6
4260 2
4261 8
4262 0
4263 8
4264 4
4265 2
4266 9
4267 5
4268 8
4269 9
4270 7
4271 4
4272 8
4273 3
4274 5
4275 3
4276 0
4277 2
4278 7
4279 8
4280 9
4281 0
4282 0
4283 9
4284 8
4285 8
4286 4
4287 6
4288 0
4289 2
4290 6
4291 0
4292 3
4293 6
4294 8
4295 8
4296 2
4297 0
4298 5
4299 9
4300 2
4301 7
4302 5
4303 8
4304 0
4305 5
4306 2
4307 4
4308 6
4309 3
4310 2
4311 0
4312 8
4313 7
4314 7
4315 2
4316 4
4317 1
4318 1
4319 7
4320 5
4321 8
4322 0
4323 6
4324 9
4325 1
4326 9
4327 5
4328 8
4329 7
4330 7
4331 7
4332 5
4333 8
4334 2
4335 4
4336 0
4337 3
4338 0
4339 3
4340 4
4341 5
4342 4
4343 7
4344 1
4345 5
4346 7
4347 5
4348 1
4349 8
4350 7
4351 2
4352 9
4353 1
4354 0
4355 4
4356 8
4357 9
4358 9
4359 6
4360 8
4361 5
4362 8
4363 3
4364 8
4365 6
4366 6
4367 5
4368 3
4369 1
4370 4
4371 9
4372 3
4373 3
4374 8
4375 0
4376 2
4377 8
4378 4
4379 8
4380 6
4381 5
4382 3
4383 6
4384 9
4385 3
4386 3
4387 7
4388 3
4389 1
4390 8
4391 3
4392 5
4393 4
4394 6
4395 9
4396 6
4397 3
4398 4
4399 4
4400 8
4401 4
4402 1
4403 5
4404 0
4405 4
4406 4
4407 0
4408 9
4409 2
4410 1
4411 4
4412 9
4413 8
4414 9
4415 2
4416 2
4417 5
4418 1
4419 6
4420 9
4421 9
4422 9
4423 6
4424 6
4425 4
4426 9
4427 4
4428 8
4429 9
4430 7
4431 2
4432 8
4433 4
4434 9
4435 8
4436 9
4437 7
4438 7
4439 8
4440 9
4441 6
4442 4
4443 0
4444 3
4445 7
4446 7
4447 5
4448 5
4449 6
4450 2
4451 8
4452 4
4453 8
4454 0
4455 4
4456 9
4457 3
4458 1
4459 8
4460 7
4461 5
4462 1
4463 9
4464 5
4465 4
4466 7
4467 4
4468 9
4469 9
4470 5
4471 6
4472 8
4473 3
4474 0
4475 4
4476 5
4477 1
4478 6
4479 5
4480 0
4481 0
4482 3
4483 5
4484 7
4485 3
4486 7
4487 9
4488 3
4489 2
4490 7
4491 2
4492 2
4493 8
4494 8
4495 1
4496 0
4497 0
4498 1
4499 8
4500 0
4501 4
4502 8
4503 6
4504 4
4505 5
4506 7
4507 6
4508 2
4509 3
4510 4
4511 8
4512 3
4513 6
4514 3
4515 5
4516 1
4517 7
4518 6
4519 2
4520 3
4521 7
4522 5
4523 1
4524 6
4525 5
4526 9
4527 0
4528 2
4529 0
4530 9
4531 5
4532 0
4533 7
4534 0
4535 4
4536 6
4537 9
4538 7
4539 4
4540 0
4541 6
4542 2
4543 0
4544 3
4545 3
4546 3
4547 1
4548 7
4549 7
4550 1
4551 6
4552 4
4553 4
4554 7
4555 7
4556 0
4557 7
4558 4
4559 0
4560 6
4561 6
4562 1
4563 4
4564 2
4565 8
4566 9
4567 2
4568 9
4569 7
4570 3
4571 0
4572 7
4573 2
4574 0
4575 3
4576 2
4577 7
4578 0
4579 3
4580 0
4581 8
4582 0
4583 7
4584 5
4585 2
4586 8
4587 2
4588 9
4589 2
4590 4
4591 6
4592 4
4593 9
4594 8
4595 7
4596 6
4597 1
4598 2
4599 1
4600 8
4601 7
4602 1
4603 2
4604 3
4605 2
4606 9
4607 4
4608 6
4609 6
4610 3
4611 7
4612 0
4613 8
4614 9
4615 8
4616 5
4617 0
4618 9
4619 7
4620 0
4621 1
4622 7
4623 8
4624 1
4625 0
4626 7
4627 3
4628 9
4629 4
4630 5
4631 6
4632 9
4633 8
4634 9
4635 7
4636 4
4637 1
4638 2
4639 1
4640 7
4641 3
4642 4
4643 0
4644 7
4645 7
4646 6
4647 1
4648 5
4649 0
4650 8
4651 5
4652 2
4653 8
4654 6
4655 7
4656 4
4657 0
4658 9
4659 5
4660 9
4661 8
4662 0
4663 7
4664 5
4665 0
4666 7
4667 1
4668 8
4669 1
4670 1
4671 6
4672 2
4673 4
4674 1
4675 9
4676 3
4677 8
4678 8
4679 5
4680 8
4681 8
4682 6
4683 4
4684 4
4685 7
4686 4
4687 2
4688 7
4689 4
4690 2
4691 3
4692 1
4693 6
4694 6
4695 5
4696 0
4697 1
4698 8
4699 4
4700 6
4701 4
4702 7
4703 1
4704 5
4705 5
4706 4
4707 5
4708 6
4709 9
4710 2
4711 4
4712 9
4713 9
4714 5
4715 7
4716 2
4717 7
4718 6
4719 9
4720 3
4721 7
4722 8
4723 3
4724 2
4725 8
4726 2
4727 4
4728 6
4729 9
4730 6
4731 0
4732 0
4733 6
4734 4
4735 4
4736 5
4737 2
4738 9
4739 9
4740 3
4741 7
4742 8
4743 4
4744 1
4745 9
4746 2
4747 7
4748 3
4749 5
4750 9
4751 0
4752 3
4753 8
4754 6
4755 5
4756 6
4757 8
4758 4
4759 2
4760 2
4761 5
4762 8
4763 8
4764 9
4765 9
4766 8
4767 3
4768 0
4769 2
4770 8
4771 2
4772 1
4773 0
4774 5
4775 2
4776 0
4777 2
4778 3
4779 8
4780 4
4781 0
4782 1
4783 5
4784 9
4785 1
4786 4
4787 7
4788 2
4789 1
4790 6
4791 6
4792 2
4793 8
4794 9
4795 2
4796 5
4797 3
4798 6
4799 0
4800 4
4801 2
4802 5
4803 0
4804 6
4805 3
4806 2
4807 5
4808 2
4809 3
4810 9
4811 1
4812 6
4813 6
4814 2
4815 3
4816 2
4817 8
4818 9
4819 9
4820 9
4821 9
4822 8
4823 3
4824 2
4825 6
4826 1
4827 1
4828 1
4829 0
4830 4
4831 2
4832 1
4833 6
4834 3
4835 8
4836 9
4837 1
4838 2
4839 2
4840 0
4841 7
4842 8
4843 6
4844 3
4845 1
4846 2
4847 7
4848 8
4849 0
4850 4
4851 8
4852 0
4853 5
4854 3
4855 2
4856 5
4857 3
4858 8
4859 8
4860 7
4861 2
4862 0
4863 7
4864 8
4865 7
4866 7
4867 8
4868 8
4869 7
4870 9
4871 9
4872 8
4873 7
4874 2
4875 3
4876 6
4877 5
4878 2
4879 4
4880 4
4881 0
4882 7
4883 8
4884 8
4885 5
4886 0
4887 9
4888 0
4889 3
4890 5
4891 2
4892 3
4893 5
4894 9
4895 9
4896 0
4897 8
4898 2
4899 7
4900 8
4901 2
4902 8
4903 4
4904 1
4905 4
4906 1
4907 8
4908 1
4909 8
4910 0
4911 0
4912 3
4913 9
4914 9
4915 3
4916 7
4917 7
4918 3
4919 9
4920 1
4921 0
4922 9
4923 5
4924 0
4925 7
4926 1
4927 2
4928 0
4929 7
4930 6
4931 0
4932 5
4933 4
4934 5
4935 8
4936 0
4937 6
4938 5
4939 2
4940 2
4941 5
4942 0
4943 8
4944 3
4945 1
4946 3
4947 3
4948 5
4949 7
4950 9
4951 1
4952 9
4953 2
4954 6
4955 7
4956 4
4957 7
4958 4
4959 0
4960 2
4961 9
4962 1
4963 7
4964 3
4965 6
4966 3
4967 0
4968 5
4969 2
4970 3
4971 0
4972 9
4973 9
4974 4
4975 1
4976 8
4977 6
4978 4
4979 8
4980 2
4981 8
4982 0
4983 5
4984 3
4985 5
4986 9
4987 9
4988 4
4989 9
4990 7
4991 8
4992 8
4993 3
4994 1
4995 9
4996 4
4997 3
4998 7
4999 0
5000 6
5001 3
5002 7
5003 1
5004 3
5005 0
5006 9
5007 7
5008 3
5009 3
5010 0
5011 8
5012 2
5013 3
5014 0
5015 2
5016 4
5017 7
5018 5
5019 6
5020 2
5021 4
5022 3
5023 2
5024 8
5025 7
5026 7
5027 4
5028 8
5029 4
5030 2
5031 2
5032 8
5033 7
5034 1
5035 2
5036 2
5037 3
5038 7
5039 0
5040 1
5041 6
5042 9
5043 2
5044 3
5045 6
5046 6
5047 2
5048 3
5049 6
5050 9
5051 4
5052 6
5053 1
5054 8
5055 8
5056 6
5057 8
5058 1
5059 6
5060 6
5061 5
5062 6
5063 8
5064 8
5065 4
5066 5
5067 1
5068 3
5069 1
5070 4
5071 2
5072 5
5073 6
5074 2
5075 9
5076 5
5077 5
5078 6
5079 3
5080 8
5081 7
5082 0
5083 6
5084 3
5085 4
5086 8
5087 9
5088 3
5089 3
5090 2
5091 6
5092 6
5093 0
5094 8
5095 4
5096 2
5097 9
5098 5
5099 8
5100 9
5101 8
5102 6
5103 2
5104 2
5105 7
5106 4
5107 7
5108 2
5109 3
5110 4
5111 1
5112 7
5113 9
5114 0
5115 6
5116 0
5117 2
5118 9
5119 6
5120 1
5121 5
5122 6
5123 5
5124 0
5125 6
5126 4
5127 1
5128 7
5129 4
5130 3
5131 2
5132 3
5133 2
5134 8
5135 8
5136 2
5137 5
5138 2
5139 7
5140 9
5141 1
5142 8
5143 0
5144 8
5145 6
5146 7
5147 1
5148 8
5149 8
5150 0
5151 0
5152 4
5153 3
5154 8
5155 2
5156 7
5157 0
5158 9
5159 9
5160 4
5161 9
5162 4
5163 7
5164 8
5165 1
5166 8
5167 4
5168 8
5169 8
5170 2
5171 3
5172 4
5173 4
5174 8
5175 1
5176 9
5177 3
5178 9
5179 3
5180 9
5181 0
5182 7
5183 2
5184 8
5185 9
5186 6
5187 9
5188 5
5189 2
5190 2
5191 2
5192 0
5193 9
5194 7
5195 5
5196 6
5197 5
5198 1
5199 9
5200 1
5201 2
5202 1
5203 0
5204 3
5205 0
5206 4
5207 1
5208 1
5209 3
5210 9
5211 2
5212 2
5213 9
5214 2
5215 0
5216 9
5217 4
5218 5
5219 1
5220 4
5221 4
5222 8
5223 5
5224 1
5225 7
5226 2
5227 4
5228 9
5229 6
5230 3
5231 1
5232 1
5233 6
5234 6
5235 5
5236 8
5237 5
5238 2
5239 4
5240 4
5241 3
5242 2
5243 9
5244 7
5245 6
5246 9
5247 1
5248 1
5249 0
5250 0
5251 3
5252 4
5253 6
5254 8
5255 0
5256 6
5257 3
5258 2
5259 6
5260 7
5261 4
5262 0
5263 5
5264 4
5265 8
5266 2
5267 4
5268 4
5269 2
5270 6
5271 8
5272 5
5273 1
5274 3
5275 4
5276 3
5277 6
5278 8
5279 7
5280 9
5281 2
5282 9
5283 1
5284 8
5285 6
5286 8
5287 5
5288 3
5289 3
5290 1
5291 8
5292 2
5293 5
5294 9
5295 8
5296 4
5297 7
5298 0
5299 0
5300 8
5301 7
5302 9
5303 2
5304 2
5305 0
5306 2
5307 3
5308 9
5309 4
5310 0
5311 8
5312 9
5313 7
5314 1
5315 2
5316 1
5317 6
5318 2
5319 2
5320 7
5321 2
5322 7
5323 9
5324 8
5325 7
5326 7
5327 9
5328 5
5329 3
5330 3
5331 2
5332 3
5333 7
5334 7
5335 5
5336 3
5337 4
5338 9
5339 9
5340 4
5341 5
5342 0
5343 3
5344 9
5345 0
5346 2
5347 4
5348 9
5349 3
5350 2
5351 0
5352 7
5353 9
5354 1
5355 7
5356 7
5357 3
5358 6
5359 4
5360 5
5361 4
5362 9
5363 9
5364 3
5365 7
5366 4
5367 7
5368 8
5369 6
5370 4
5371 2
5372 5
5373 7
5374 7
5375 4
5376 9
5377 1
5378 1
5379 9
5380 7
5381 0
5382 5
5383 8
5384 3
5385 3
5386 0
5387 5
5388 5
5389 9
5390 3
5391 3
5392 8
5393 2
5394 7
5395 3
5396 5
5397 4
5398 4
5399 7
5400 2
5401 7
5402 1
5403 1
5404 3
5405 4
5406 2
5407 2
5408 1
5409 8
5410 0
5411 7
5412 7
5413 4
5414 2
5415 4
5416 5
5417 6
5418 9
5419 7
5420 4
5421 9
5422 5
5423 3
5424 7
5425 2
5426 4
5427 9
5428 7
5429 4
5430 4
5431 8
5432 9
5433 2
5434 6
5435 1
5436 1
5437 2
5438 3
5439 5
5440 1
5441 5
5442 5
5443 0
5444 7
5445 1
5446 2
5447 9
5448 6
5449 8
5450 5
5451 5
5452 5
5453 5
5454 2
5455 4
5456 0
5457 4
5458 3
5459 6
5460 3
5461 8
5462 0
5463 7
5464 2
5465 5
5466 8
5467 7
5468 4
5469 3
5470 6
5471 7
5472 9
5473 1
5474 0
5475 0
5476 0
5477 5
5478 8
5479 3
5480 7
5481 4
5482 4
5483 6
5484 8
5485 1
5486 0
5487 9
5488 7
5489 8
5490 2
5491 5
5492 5
5493 0
5494 8
5495 5
5496 5
5497 4
5498 0
5499 5
5500 4
5501 3
5502 3
5503 4
5504 9
5505 2
5506 9
5507 3
5508 9
5509 3
5510 2
5511 5
5512 7
5513 5
5514 9
5515 2
5516 2
5517 3
5518 4
5519 5
5520 0
5521 5
5522 9
5523 1
5524 7
5525 4
5526 0
5527 6
5528 1
5529 5
5530 5
5531 1
5532 6
5533 4
5534 0
5535 3
5536 9
5537 0
5538 3
5539 9
5540 1
5541 8
5542 8
5543 7
5544 3
5545 4
5546 9
5547 1
5548 0
5549 3
5550 4
5551 4
5552 6
5553 8
5554 8
5555 0
5556 4
5557 9
5558 1
5559 1
5560 1
5561 1
5562 2
5563 7
5564 0
5565 7
5566 4
5567 5
5568 1
5569 9
5570 6
5571 0
5572 7
5573 3
5574 7
5575 1
5576 3
5577 9
5578 0
5579 2
5580 1
5581 6
5582 5
5583 8
5584 5
5585 0
5586 2
5587 1
5588 0
5589 3
5590 3
5591 0
5592 0
5593 9
5594 8
5595 9
5596 6
5597 4
5598 2
5599 0
5600 5
5601 2
5602 7
5603 3
5604 2
5605 1
5606 9
5607 3
5608 9
5609 8
5610 3
5611 4
5612 7
5613 2
5614 5
5615 4
5616 1
5617 5
5618 7
5619 9
5620 6
5621 8
5622 2
5623 1
5624 0
5625 0
5626 2
5627 5
5628 0
5629 2
5630 2
5631 7
5632 1
5633 2
5634 4
5635 9
5636 5
5637 5
5638 4
5639 1
5640 2
5641 0
5642 1
5643 2
5644 1
5645 0
5646 2
5647 5
5648 2
5649 4
5650 4
5651 3
5652 4
5653 6
5654 6
5655 2
5656 7
5657 9
5658 1
5659 9
5660 8
5661 5
5662 3
5663 6
5664 3
5665 9
5666 3
5667 8
5668 6
5669 8
5670 9
5671 5
5672 2
5673 7
5674 3
5675 9
5676 7
5677 4
5678 4
5679 3
5680 4
5681 4
5682 4
5683 8
5684 6
5685 9
5686 9
5687 1
5688 0
5689 1
5690 6
5691 4
5692 2
5693 2
5694 1
5695 1
5696 8
5697 6
5698 3
5699 4
5700 7
5701 3
5702 3
5703 5
5704 5
5705 4
5706 2
5707 7
5708 5
5709 0
5710 0
5711 3
5712 8
5713 8
5714 8
5715 7
5716 1
5717 7
5718 8
5719 3
5720 8
5721 9
5722 4
5723 8
5724 9
5725 0
5726 0
5727 8
5728 5
5729 0
5730 4
5731 8
5732 8
5733 9
5734 1
5735 9
5736 3
5737 2
5738 7
5739 4
5740 8
5741 9
5742 8
5743 6
5744 4
5745 1
5746 8
5747 7
5748 2
5749 2
5750 0
5751 4
5752 9
5753 3
5754 1
5755 1
5756 5
5757 7
5758 5
5759 0
5760 3
5761 0
5762 5
5763 0
5764 8
5765 6
5766 3
5767 3
5768 8
5769 6
5770 1
5771 0
5772 3
5773 9
5774 9
5775 7
5776 8
5777 8
5778 4
5779 9
5780 5
5781 0
5782 7
5783 2
5784 8
5785 4
5786 1
5787 6
5788 1
5789 9
5790 2
5791 2
5792 9
5793 5
5794 1
5795 2
5796 9
5797 5
5798 6
5799 4
5800 6
5801 4
5802 1
5803 1
5804 6
5805 7
5806 8
5807 4
5808 5
5809 2
5810 6
5811 2
5812 9
5813 1
5814 7
5815 6
5816 9
5817 4
5818 2
5819 8
5820 1
5821 2
5822 8
5823 5
5824 9
5825 2
5826 6
5827 6
5828 2
5829 5
5830 1
5831 3
5832 9
5833 2
5834 6
5835 9
5836 1
5837 9
5838 0
5839 2
5840 9
5841 3
5842 3
5843 1
5844 1
5845 5
5846 5
5847 7
5848 4
5849 5
5850 5
5851 2
5852 0
5853 1
5854 8
5855 5
5856 4
5857 0
5858 2
5859 8
5860 5
5861 3
5862 9
5863 8
5864 3
5865 6
5866 8
5867 0
5868 5
5869 5
5870 4
5871 3
5872 5
5873 0
5874 6
5875 1
5876 9
5877 3
5878 2
5879 6
5880 0
5881 7
5882 6
5883 3
5884 7
5885 0
5886 8
5887 8
5888 7
5889 8
5890 3
5891 1
5892 4
5893 4
5894 5
5895 4
5896 6
5897 0
5898 5
5899 1
5900 9
5901 7
5902 9
5903 2
5904 8
5905 4
5906 6
5907 7
5908 9
5909 2
5910 3
5911 0
5912 8
5913 4
5914 7
5915 5
5916 2
5917 5
5918 0
5919 5
5920 3
5921 6
5922 3
5923 8
5924 8
5925 6
5926 2
5927 1
5928 6
5929 5
5930 0
5931 0
5932 4
5933 7
5934 4
5935 5
5936 7
5937 0
5938 8
5939 8
5940 9
5941 7
5942 3
5943 6
5944 3
5945 1
5946 8
5947 9
5948 8
5949 2
5950 1
5951 9
5952 7
5953 6
5954 4
5955 3
5956 9
5957 3
5958 7
5959 0
5960 1
5961 8
5962 2
5963 7
5964 1
5965 2
5966 1
5967 0
5968 5
5969 3
5970 5
5971 0
5972 0
5973 7
5974 9
5975 8
5976 5
5977 5
5978 7
5979 9
5980 9
5981 2
5982 2
5983 6
5984 9
5985 0
5986 3
5987 3
5988 9
5989 5
5990 9
5991 5
5992 3
5993 5
5994 9
5995 5
5996 1
5997 6
5998 8
5999 0
6000 8
6001 0
6002 9
6003 6
6004 2
6005 0
6006 0
6007 3
6008 7
6009 4
6010 1
6011 9
6012 9
6013 9
6014 9
6015 6
6016 2
6017 6
6018 9
6019 1
6020 8
6021 5
6022 6
6023 5
6024 0
6025 9
6026 0
6027 4
6028 6
6029 0
6030 9
6031 5
6032 3
6033 4
6034 8
6035 3
6036 5
6037 3
6038 8
6039 5
6040 2
6041 7
6042 0
6043 2
6044 9
6045 5
6046 2
6047 6
6048 1
6049 0
6050 0
6051 9
6052 1
6053 5
6054 3
6055 9
6056 4
6057 5
6058 4
6059 7
6060 2
6061 9
6062 0
6063 2
6064 1
6065 0
6066 5
6067 7
6068 7
6069 3
6070 6
6071 0
6072 4
6073 9
6074 7
6075 4
6076 3
6077 4
6078 0
6079 5
6080 4
6081 5
6082 4
6083 9
6084 8
6085 8
6086 1
6087 7
6088 2
6089 7
6090 2
6091 7
6092 8
6093 5
6094 9
6095 2
6096 2
6097 8
6098 8
6099 1
6100 0
6101 6
6102 2
6103 2
6104 8
6105 7
6106 1
6107 3
6108 0
6109 6
6110 8
6111 4
6112 7
6113 6
6114 5
6115 1
6116 9
6117 0
6118 6
6119 6
6120 3
6121 8
6122 1
6123 4
6124 3
6125 9
6126 5
6127 8
6128 7
6129 9
6130 8
6131 0
6132 4
6133 1
6134 0
6135 8
6136 3
6137 0
6138 3
6139 8
6140 7
6141 1
6142 4
6143 5
6144 7
6145 4
6146 1
6147 1
6148 0
6149 0
6150 2
6151 0
6152 1
6153 2
6154 1
6155 4
6156 5
6157 4
6158 1
6159 6
6160 4
6161 4
6162 3
6163 4
6164 1
6165 9
6166 7
6167 0
6168 7
6169 5
6170 7
6171 7
6172 1
6173 7
6174 0
6175 8
6176 8
6177 9
6178 4
6179 0
6180 6
6181 8
6182 3
6183 1
6184 5
6185 3
6186 5
6187 0
6188 4
6189 9
6190 9
6191 9
6192 6
6193 4
6194 8
6195 6
6196 5
6197 0
6198 1
6199 5
6200 4
6201 4
6202 6
6203 8
6204 7
6205 9
6206 1
6207 5
6208 7
6209 4
6210 9
6211 3
6212 9
6213 7
6214 0
6215 7
6216 4
6217 2
6218 2
6219 3
6220 4
6221 6
6222 5
6223 0
6224 8
6225 6
6226 1
6227 7
6228 2
6229 4
6230 9
6231 5
6232 1
6233 7
6234 6
6235 3
6236 0
6237 7
6238 4
6239 0
6240 2
6241 9
6242 5
6243 5
6244 0
6245 7
6246 0
6247 4
6248 4
6249 6
6250 9
6251 0
6252 5
6253 6
6254 2
6255 2
6256 6
6257 0
6258 3
6259 8
6260 9
6261 8
6262 2
6263 9
6264 6
6265 4
6266 9
6267 2
6268 8
6269 5
6270 3
6271 9
6272 3
6273 3
6274 2
6275 2
6276 2
6277 5
6278 1
6279 6
6280 6
6281 5
6282 2
6283 1
6284 4
6285 4
6286 9
6287 2
6288 5
6289 3
6290 5
6291 5
6292 9
6293 1
6294 0
6295 5
6296 8
6297 5
6298 1
6299 3
6300 1
6301 5
6302 6
6303 0
6304 3
6305 9
6306 5
6307 6
6308 4
6309 1
6310 2
6311 2
6312 4
6313 6
6314 8
6315 6
6316 1
6317 4
6318 3
6319 3
6320 9
6321 9
6322 5
6323 7
6324 1
6325 6
6326 7
6327 0
6328 0
6329 7
6330 9
6331 2
6332 2
6333 6
6334 4
6335 6
6336 4
6337 8
6338 7
6339 7
6340 1
6341 7
6342 1
6343 9
6344 9
6345 9
6346 8
6347 1
6348 6
6349 9
6350 6
6351 5
6352 6
6353 0
6354 8
6355 3
6356 2
6357 5
6358 9
6359 2
6360 1
6361 9
6362 0
6363 0
6364 3
6365 0
6366 9
6367 0
6368 4
6369 8
6370 9
6371 8
6372 8
6373 3
6374 4
6375 0
6376 4
6377 1
6378 3
6379 2
6380 5
6381 7
6382 1
6383 6
6384 7
6385 7
6386 0
6387 9
6388 4
6389 7
6390 9
6391 4
6392 4
6393 3
6394 7
6395 6
6396 2
6397 1
6398 2
6399 3
6400 7
6401 5
6402 8
6403 4
6404 1
6405 8
6406 8
6407 1
6408 4
6409 5
6410 4
6411 1
6412 0
6413 6
6414 8
6415 2
6416 3
6417 6
6418 4
6419 3
6420 4
6421 8
6422 5
6423 2
6424 7
6425 8
6426 1
6427 7
6428 5
6429 1
6430 8
6431 4
6432 6
6433 5
6434 1
6435 7
6436 9
6437 0
6438 3
6439 0
6440 8
6441 2
6442 6
6443 0
6444 9
6445 4
6446 1
6447 3
6448 2
6449 1
6450 2
6451 2
6452 2
6453 4
6454 2
6455 3
6456 8
6457 0
6458 5
6459 8
6460 6
6461 5
6462 6
6463 4
6464 8
6465 9
6466 7
6467 6
6468 5
6469 6
6470 1
6471 0
6472 0
6473 3
6474 7
6475 9
6476 3
6477 1
6478 8
6479 7
6480 6
6481 6
6482 8
6483 1
6484 5
6485 7
6486 0
6487 8
6488 9
6489 0
6490 6
6491 8
6492 1
6493 0
6494 8
6495 7
6496 0
6497 4
6498 3
6499 1
6500 8
6501 5
6502 4
6503 7
6504 1
6505 5
6506 1
6507 0
6508 0
6509 5
6510 7
6511 1
6512 2
6513 6
6514 4
6515 2
6516 8
6517 0
6518 5
6519 3
6520 8
6521 4
6522 9
6523 4
6524 2
6525 1
6526 9
6527 6
6528 7
6529 5
6530 1
6531 1
6532 0
6533 8
6534 9
6535 3
6536 8
6537 8
6538 1
6539 0
6540 0
6541 4
6542 2
6543 0
6544 1
6545 1
6546 1
6547 3
6548 6
6549 8
6550 7
6551 5
6552 7
6553 1
6554 3
6555 2
6556 4
6557 5
6558 2
6559 6
6560 4
6561 7
6562 7
6563 4
6564 2
6565 6
6566 8
6567 8
6568 5
6569 8
6570 4
6571 7
6572 6
6573 3
6574 9
6575 7
6576 5
6577 6
6578 5
6579 4
6580 3
6581 3
6582 9
6583 4
6584 4
6585 7
6586 2
6587 7
6588 8
6589 5
6590 4
6591 8
6592 4
6593 0
6594 5
6595 8
6596 8
6597 5
6598 9
6599 6
6600 9
6601 8
6602 9
6603 1
6604 8
6605 7
6606 2
6607 6
6608 5
6609 3
6610 8
6611 5
6612 0
6613 6
6614 8
6615 0
6616 2
6617 9
6618 2
6619 5
6620 4
6621 5
6622 3
6623 9
6624 7
6625 8
6626 3
6627 4
6628 3
6629 6
6630 9
6631 4
6632 8
6633 4
6634 2
6635 9
6636 9
6637 0
6638 8
6639 0
6640 1
6641 6
6642 5
6643 0
6644 5
6645 6
6646 4
6647 0
6648 4
6649 8
6650 2
6651 0
6652 3
6653 4
6654 7
6655 7
6656 7
6657 1
6658 8
6659 9
6660 9
6661 5
6662 4
6663 4
6664 9
6665 8
6666 4
6667 4
6668 1
6669 1
6670 0
6671 3
6672 5
6673 4
6674 8
6675 7
6676 3
6677 8
6678 1
6679 3
6680 9
6681 4
6682 2
6683 9
6684 9
6685 8
6686 0
6687 0
6688 4
6689 6
6690 7
6691 2
6692 4
6693 7
6694 4
6695 6
6696 6
6697 1
6698 5
6699 8
6700 8
6701 3
6702 4
6703 3
6704 3
6705 0
6706 8
6707 1
6708 8
6709 4
6710 1
6711 5
6712 0
6713 4
6714 8
6715 0
6716 4
6717 1
6718 0
6719 3
6720 9
6721 9
6722 8
6723 2
6724 3
6725 0
6726 2
6727 7
6728 6
6729 7
6730 3
6731 4
6732 5
6733 6
6734 2
6735 4
6736 8
6737 0
6738 7
6739 1
6740 5
6741 0
6742 9
6743 8
6744 1
6745 4
6746 8
6747 6
6748 3
6749 9
6750 3
6751 7
6752 2
6753 7
6754 1
6755 1
6756 7
6757 9
6758 2
6759 2
6760 1
6761 3
6762 1
6763 4
6764 6
6765 3
6766 7
6767 5
6768 8
6769 1
6770 9
6771 5
6772 5
6773 9
6774 3
6775 2
6776 3
6777 3
6778 0
6779 8
6780 3
6781 8
6782 5
6783 6
6784 7
6785 4
6786 0
6787 0
6788 5
6789 4
6790 4
6791 1
6792 6
6793 0
6794 1
6795 3
6796 3
6797 9
6798 2
6799 2
6800 2
6801 8
6802 8
6803 4
6804 1
6805 4
6806 9
6807 2
6808 1
6809 7
6810 4
6811 0
6812 5
6813 8
6814 2
6815 7
6816 8
6817 6
6818 4
6819 0
6820 1
6821 1
6822 7
6823 3
6824 6
6825 7
6826 7
6827 7
6828 5
6829 3
6830 7
6831 9
6832 5
6833 4
6834 5
6835 4
6836 9
6837 0
6838 2
6839 0
6840 8
6841 7
6842 6
6843 8
6844 4
6845 0
6846 6
6847 6
6848 3
6849 7
6850 2
6851 7
6852 0
6853 0
6854 0
6855 5
6856 3
6857 4
6858 0
6859 1
6860 5
6861 4
6862 9
6863 2
6864 0
6865 4
6866 9
6867 2
6868 9
6869 5
6870 3
6871 6
6872 2
6873 2
6874 0
6875 2
6876 7
6877 2
6878 1
6879 4
6880 0
6881 8
6882 6
6883 0
6884 6
6885 9
6886 6
6887 6
6888 6
6889 6
6890 5
6891 1
6892 8
6893 2
6894 6
6895 3
6896 0
6897 2
6898 8
6899 8
6900 1
6901 7
6902 9
6903 8
6904 9
6905 0
6906 2
6907 6
6908 2
6909 3
6910 1
6911 3
6912 1
6913 5
6914 6
6915 5
6916 4
6917 2
6918 2
6919 3
6920 9
6921 2
6922 5
6923 9
6924 7
6925 2
6926 5
6927 7
6928 4
6929 3
6930 4
6931 1
6932 0
6933 9
6934 8
6935 3
6936 6
6937 8
6938 3
6939 3
6940 2
6941 1
6942 2
6943 7
6944 9
6945 7
6946 2
6947 6
6948 1
6949 9
6950 3
6951 5
6952 4
6953 0
6954 0
6955 7
6956 2
6957 6
6958 2
6959 9
6960 8
6961 0
6962 2
6963 3
6964 1
6965 9
6966 6
6967 0
6968 6
6969 9
6970 1
6971 5
6972 2
6973 0
6974 1
6975 1
6976 7
6977 4
6978 3
6979 3
6980 6
6981 1
6982 7
6983 9
6984 1
6985 0
6986 5
6987 8
6988 1
6989 7
6990 6
6991 2
6992 5
6993 0
6994 8
6995 9
6996 1
6997 0
6998 2
6999 6
7000 6
7001 7
7002 8
7003 9
7004 8
7005 0
7006 7
7007 3
7008 6
7009 2
7010 1
7011 5
7012 4
7013 2
7014 9
7015 3
7016 3
7017 4
7018 2
7019 0
7020 5
7021 1
7022 4
7023 9
7024 4
7025 8
7026 8
7027 6
7028 0
7029 9
7030 5
7031 3
7032 5
7033 6
7034 7
7035 6
7036 6
7037 8
7038 2
7039 4
7040 9
7041 3
7042 2
7043 8
7044 4
7045 7
7046 5
7047 2
7048 0
7049 3
7050 7
7051 1
7052 5
7053 8
7054 6
7055 5
7056 4
7057 9
7058 5
7059 1
7060 7
7061 0
7062 1
7063 4
7064 7
7065 3
7066 7
7067 3
7068 1
7069 0
7070 3
7071 6
7072 7
7073 5
7074 4
7075 1
7076 8
7077 1
7078 2
7079 1
7080 7
7081 0
7082 4
7083 6
7084 5
7085 5
7086 6
7087 4
7088 0
7089 6
7090 4
7091 6
7092 1
7093 8
7094 6
7095 9
7096 0
7097 7
7098 9
7099 7
7100 7
7101 5
7102 8
7103 2
7104 9
7105 2
7106 9
7107 7
7108 3
7109 1
7110 5
7111 1
7112 7
7113 8
7114 6
7115 2
7116 2
7117 1
7118 4
7119 7
7120 3
7121 2
7122 8
7123 8
7124 5
7125 3
7126 8
7127 0
7128 2
7129 4
7130 7
7131 1
7132 9
7133 4
7134 8
7135 0
7136 2
7137 4
7138 6
7139 2
7140 7
7141 0
7142 6
7143 1
7144 6
7145 4
7146 2
7147 4
7148 3
7149 0
7150 8
7151 3
7152 4
7153 7
7154 3
7155 4
7156 3
7157 8
7158 6
7159 2
7160 5
7161 1
7162 4
7163 7
7164 1
7165 6
7166 5
7167 9
7168 5
7169 2
7170 1
7171 1
7172 9
7173 7
7174 1
7175 6
7176 1
7177 8
7178 7
7179 5
7180 7
7181 2
7182 1
7183 8
7184 7
7185 1
7186 0
7187 4
7188 8
7189 1
7190 8
7191 3
7192 0
7193 2
7194 1
7195 0
7196 5
7197 9
7198 3
7199 2
7200 7
7201 4
7202 1
7203 1
7204 3
7205 9
7206 0
7207 1
7208 7
7209 2
7210 1
7211 6
7212 6
7213 3
7214 2
7215 5
7216 6
7217 5
7218 2
7219 8
7220 7
7221 2
7222 4
7223 6
7224 2
7225 9
7226 7
7227 5
7228 1
7229 2
7230 5
7231 4
7232 6
7233 0
7234 1
7235 6
7236 5
7237 7
7238 8
7239 1
7240 8
7241 4
7242 4
7243 1
7244 6
7245 1
7246 2
7247 9
7248 9
7249 1
7250 7
7251 6
7252 1
7253 6
7254 4
7255 3
7256 6
7257 2
7258 5
7259 4
7260 1
7261 1
7262 6
7263 5
7264 5
7265 1
7266 9
7267 9
7268 7
7269 1
7270 3
7271 4
7272 7
7273 1
7274 9
7275 8
7276 7
7277 6
7278 1
7279 6
7280 7
7281 8
7282 2
7283 6
7284 6
7285 5
7286 0
7287 8
7288 5
7289 7
7290 1
7291 6
7292 5
7293 4
7294 2
7295 8
7296 4
7297 7
7298 9
7299 1
7300 8
7301 6
7302 9
7303 3
7304 5
7305 6
7306 4
7307 0
7308 3
7309 2
7310 3
7311 3
7312 9
7313 3
7314 2
7315 5
7316 6
7317 9
7318 5
7319 9
7320 6
7321 1
7322 1
7323 5
7324 5
7325 5
7326 2
7327 0
7328 7
7329 6
7330 3
7331 6
7332 9
7333 1
7334 1
7335 7
7336 8
7337 9
7338 4
7339 4
7340 5
7341 6
7342 2
7343 8
7344 8
7345 2
7346 3
7347 5
7348 0
7349 9
7350 3
7351 2
7352 6
7353 6
7354 8
7355 2
7356 7
7357 5
7358 5
7359 0
7360 8
7361 3
7362 6
7363 5
7364 8
7365 7
7366 5
7367 4
7368 5
7369 9
7370 5
7371 2
7372 0
7373 8
7374 9
7375 3
7376 1
7377 0
7378 4
7379 5
7380 0
7381 0
7382 9
7383 4
7384 5
7385 0
7386 6
7387 0
7388 0
7389 4
7390 5
7391 4
7392 7
7393 2
7394 8
7395 3
7396 3
7397 9
7398 2
7399 7
7400 8
7401 1
7402 9
7403 5
7404 7
7405 4
7406 6
7407 8
7408 1
7409 4
7410 0
7411 1
7412 6
7413 9
7414 4
7415 7
7416 1
7417 9
7418 8
7419 9
7420 9
7421 7
7422 2
7423 8
7424 0
7425 4
7426 7
7427 1
7428 5
7429 8
7430 6
7431 3
7432 4
7433 0
7434 5
7435 7
7436 1
7437 0
7438 8
7439 1
7440 5
7441 9
7442 3
7443 9
7444 4
7445 3
7446 9
7447 5
7448 5
7449 6
7450 1
7451 6
7452 9
7453 5
7454 5
7455 2
7456 0
7457 6
7458 6
7459 2
7460 8
7461 8
7462 1
7463 7
7464 4
7465 1
7466 6
7467 6
7468 2
7469 6
7470 9
7471 9
7472 1
7473 2
7474 0
7475 3
7476 3
7477 5
7478 2
7479 2
7480 2
7481 3
7482 1
7483 5
7484 2
7485 6
7486 4
7487 6
7488 4
7489 9
7490 2
7491 8
7492 3
7493 8
7494 8
7495 5
7496 3
7497 5
7498 3
7499 1
7500 4
7501 8
7502 9
7503 3
7504 2
7505 0
7506 5
7507 7
7508 9
7509 7
7510 7
7511 1
7512 9
7513 3
7514 6
7515 6
7516 4
7517 6
7518 0
7519 8
7520 5
7521 7
7522 7
7523 7
7524 8
7525 2
7526 5
7527 1
7528 5
7529 2
7530 1
7531 2
7532 1
7533 5
7534 1
7535 1
7536 7
7537 3
7538 7
7539 1
7540 6
7541 6
7542 9
7543 9
7544 9
7545 6
7546 6
7547 7
7548 8
7549 8
7550 0
7551 1
7552 6
7553 0
7554 7
7555 7
7556 3
7557 1
7558 5
7559 1
7560 1
7561 4
7562 3
7563 1
7564 2
7565 6
7566 1
7567 1
7568 4
7569 7
7570 5
7571 4
7572 6
7573 1
7574 3
7575 0
7576 0
7577 9
7578 2
7579 4
7580 1
7581 9
7582 6
7583 5
7584 8
7585 5
7586 3
7587 7
7588 8
7589 5
7590 9
7591 2
7592 3
7593 6
7594 3
7595 3
7596 2
7597 3
7598 2
7599 5
7600 6
7601 4
7602 1
7603 3
7604 5
7605 7
7606 2
7607 2
7608 8
7609 2
7610 6
7611 1
7612 4
7613 1
7614 2
7615 4
7616 9
7617 3
7618 0
7619 1
7620 3
7621 4
7622 8
7623 7
7624 9
7625 8
7626 1
7627 9
7628 3
7629 9
7630 6
7631 2
7632 0
7633 7
7634 3
7635 4
7636 4
7637 2
7638 2
7639 4
7640 9
7641 6
7642 6
7643 1
7644 8
7645 5
7646 4
7647 8
7648 2
7649 6
7650 6
7651 7
7652 6
7653 1
7654 1
7655 2
7656 6
7657 5
7658 0
7659 4
7660 4
7661 9
7662 0
7663 4
7664 7
7665 1
7666 8
7667 8
7668 6
7669 3
7670 2
7671 4
7672 9
7673 7
7674 3
7675 6
7676 7
7677 5
7678 0
7679 7
7680 8
7681 2
7682 7
7683 6
7684 4
7685 6
7686 9
7687 9
7688 4
7689 4
7690 4
7691 0
7692 4
7693 7
7694 1
7695 1
7696 3
7697 2
7698 8
7699 5
7700 2
7701 0
7702 5
7703 9
7704 4
7705 7
7706 4
7707 5
7708 9
7709 4
7710 7
7711 0
7712 0
7713 3
7714 3
7715 2
7716 9
7717 9
7718 6
7719 2
7720 0
7721 4
7722 8
7723 4
7724 2
7725 5
7726 1
7727 2
7728 5
7729 5
7730 3
7731 5
7732 2
7733 9
7734 3
7735 7
7736 6
7737 0
7738 0
7739 5
7740 8
7741 9
7742 2
7743 4
7744 9
7745 1
7746 6
7747 5
7748 3
7749 6
7750 2
7751 6
7752 7
7753 7
7754 8
7755 2
7756 0
7757 3
7758 6
7759 8
7760 2
7761 8
7762 4
7763 8
7764 7
7765 3
7766 4
7767 5
7768 0
7769 8
7770 4
7771 6
7772 1
7773 0
7774 8
7775 1
7776 2
7777 4
7778 3
7779 7
7780 2
7781 0
7782 0
7783 3
7784 8
7785 2
7786 3
7787 5
7788 5
7789 3
7790 8
7791 2
7792 7
7793 1
7794 1
7795 0
7796 6
7797 8
7798 8
7799 9
7800 0
7801 4
7802 2
7803 4
7804 1
7805 8
7806 4
7807 5
7808 5
7809 3
7810 1
7811 6
7812 4
7813 1
7814 9
7815 3
7816 4
7817 1
7818 0
7819 4
7820 9
7821 3
7822 6
7823 0
7824 6
7825 9
7826 2
7827 4
7828 4
7829 0
7830 7
7831 2
7832 6
7833 7
7834 8
7835 6
7836 4
7837 2
7838 3
7839 8
7840 9
7841 0
7842 2
7843 4
7844 6
7845 1
7846 0
7847 1
7848 7
7849 1
7850 8
7851 9
7852 9
7853 9
7854 4
7855 2
7856 1
7857 6
7858 0
7859 0
7860 3
7861 5
7862 4
7863 7
7864 6
7865 7
7866 9
7867 2
7868 3
7869 4
7870 3
7871 0
7872 3
7873 0
7874 9
7875 7
7876 0
7877 7
7878 4
7879 9
7880 1
7881 3
7882 7
7883 2
7884 9
7885 0
7886 3
7887 3
7888 7
7889 7
7890 6
7891 7
7892 0
7893 1
7894 1
7895 4
7896 8
7897 4
7898 9
7899 9
7900 4
7901 1
7902 1
7903 1
7904 7
7905 2
7906 6
7907 9
7908 0
7909 0
7910 4
7911 5
7912 5
7913 9
7914 4
7915 1
7916 6
7917 8
7918 3
7919 9
7920 9
7921 2
7922 4
7923 2
7924 2
7925 2
7926 3
7927 6
7928 3
7929 9
7930 1
7931 3
7932 8
7933 8
7934 3
7935 9
7936 5
7937 0
7938 1
7939 7
7940 3
7941 3
7942 1
7943 4
7944 6
7945 5
7946 3
7947 4
7948 2
7949 0
7950 6
7951 1
7952 8
7953 7
7954 6
7955 5
7956 2
7957 2
7958 4
7959 1
7960 4
7961 5
7962 4
7963 2
7964 2
7965 9
7966 7
7967 6
7968 4
7969 1
7970 9
7971 5
7972 9
7973 3
7974 9
7975 5
7976 6
7977 2
7978 9
7979 8
7980 1
7981 8
7982 1
7983 2
7984 4
7985 3
7986 4
7987 3
7988 8
7989 6
7990 6
7991 2
7992 7
7993 8
7994 3
7995 9
7996 2
7997 0
7998 3
7999 4
8000 0
8001 4
8002 1
8003 2
8004 5
8005 7
8006 5
8007 3
8008 9
8009 2
8010 4
8011 6
8012 2
8013 2
8014 9
8015 2
8016 6
8017 8
8018 1
8019 6
8020 3
8021 3
8022 6
8023 4
8024 8
8025 5
8026 8
8027 9
8028 7
8029 8
8030 3
8031 4
8032 0
8033 0
8034 0
8035 9
8036 5
8037 6
8038 4
8039 0
8040 2
8041 6
8042 0
8043 3
8044 8
8045 4
8046 3
8047 2
8048 2
8049 8
8050 6
8051 0
8052 5
8053 4
8054 9
8055 3
8056 1
8057 9
8058 6
8059 8
8060 6
8061 6
8062 8
8063 9
8064 1
8065 9
8066 7
8067 5
8068 2
8069 6
8070 0
8071 2
8072 1
8073 1
8074 1
8075 4
8076 1
8077 6
8078 4
8079 2
8080 7
8081 2
8082 2
8083 3
8084 2
8085 0
8086 1
8087 6
8088 9
8089 5
8090 8
8091 7
8092 1
8093 7
8094 8
8095 2
8096 1
8097 4
8098 4
8099 7
8100 3
8101 7
8102 8
8103 7
8104 2
8105 6
8106 1
8107 9
8108 7
8109 2
8110 1
8111 6
8112 5
8113 7
8114 4
8115 2
8116 8
8117 4
8118 8
8119 8
8120 3
8121 1
8122 5
8123 0
8124 1
8125 9
8126 0
8127 0
8128 3
8129 6
8130 2
8131 5
8132 3
8133 4
8134 3
8135 8
8136 3
8137 3
8138 9
8139 8
8140 5
8141 3
8142 8
8143 6
8144 4
8145 5
8146 1
8147 2
8148 5
8149 6
8150 7
8151 4
8152 2
8153 7
8154 3
8155 2
8156 0
8157 3
8158 2
8159 0
8160 1
8161 4
8162 9
8163 2
8164 5
8165 2
8166 5
8167 0
8168 1
8169 5
8170 1
8171 4
8172 3
8173 9
8174 9
8175 6
8176 6
8177 4
8178 1
8179 0
8180 7
8181 4
8182 8
8183 2
8184 6
8185 8
8186 0
8187 9
8188 7
8189 3
8190 3
8191 1
8192 2
8193 0
8194 6
8195 6
8196 4
8197 3
8198 3
8199 9
8200 1
8201 3
8202 4
8203 6
8204 5
8205 0
8206 7
8207 4
8208 4
8209 7
8210 2
8211 2
8212 7
8213 6
8214 8
8215 4
8216 7
8217 9
8218 4
8219 0
8220 9
8221 0
8222 5
8223 1
8224 9
8225 4
8226 2
8227 0
8228 4
8229 0
8230 7
8231 9
8232 1
8233 0
8234 6
8235 2
8236 5
8237 0
8238 7
8239 0
8240 0
8241 2
8242 3
8243 3
8244 1
8245 3
8246 9
8247 1
8248 0
8249 7
8250 3
8251 8
8252 2
8253 6
8254 7
8255 0
8256 7
8257 9
8258 2
8259 7
8260 8
8261 0
8262 3
8263 6
8264 9
8265 9
8266 7
8267 2
8268 9
8269 7
8270 0
8271 4
8272 1
8273 5
8274 7
8275 6
8276 9
8277 8
8278 0
8279 2
8280 9
8281 9
8282 3
8283 2
8284 9
8285 2
8286 8
8287 2
8288 6
8289 3
8290 6
8291 6
8292 1
8293 1
8294 5
8295 8
8296 7
8297 6
8298 7
8299 3
8300 8
8301 3
8302 5
8303 5
8304 7
8305 6
8306 6
8307 9
8308 3
8309 3
8310 8
8311 1
8312 4
8313 3
8314 5
8315 5
8316 1
8317 9
8318 1
8319 6
8320 4
8321 1
8322 5
8323 6
8324 3
8325 0
8326 6
8327 6
8328 2
8329 2
8330 6
8331 7
8332 3
8333 7
8334 2
8335 2
8336 0
8337 0
8338 4
8339 2
8340 8
8341 2
8342 0
8343 1
8344 0
8345 7
8346 7
8347 1
8348 0
8349 2
8350 1
8351 5
8352 3
8353 0
8354 7
8355 5
8356 0
8357 4
8358 5
8359 5
8360 2
8361 1
8362 6
8363 8
8364 7
8365 1
8366 2
8367 0
8368 2
8369 5
8370 7
8371 8
8372 1
8373 6
8374 4
8375 3
8376 5
8377 9
8378 7
8379 5
8380 5
8381 2
8382 2
8383 8
8384 2
8385 4
8386 3
8387 8
8388 6
8389 5
8390 6
8391 7
8392 6
8393 1
8394 3
8395 6
8396 9
8397 2
8398 8
8399 8
8400 6
8401 6
8402 3
8403 0
8404 7
8405 6
8406 5
8407 3
8408 6
8409 0
8410 1
8411 6
8412 0
8413 1
8414 7
8415 3
8416 8
8417 5
8418 0
8419 1
8420 9
8421 0
8422 5
8423 2
8424 1
8425 1
8426 7
8427 6
8428 9
8429 2
8430 4
8431 6
8432 1
8433 9
8434 5
8435 1
8436 2
8437 4
8438 0
8439 5
8440 1
8441 9
8442 6
8443 5
8444 6
8445 4
8446 8
8447 1
8448 0
8449 9
8450 9
8451 1
8452 3
8453 7
8454 6
8455 9
8456 5
8457 3
8458 1
8459 0
8460 9
8461 6
8462 5
8463 4
8464 8
8465 0
8466 9
8467 4
8468 6
8469 7
8470 8
8471 1
8472 4
8473 7
8474 6
8475 8
8476 6
8477 3
8478 8
8479 9
8480 4
8481 4
8482 7
8483 0
8484 5
8485 1
8486 7
8487 4
8488 4
8489 5
8490 0
8491 6
8492 3
8493 5
8494 8
8495 4
8496 7
8497 9
8498 3
8499 9
8500 5
8501 9
8502 8
8503 7
8504 7
8505 7
8506 6
8507 6
8508 9
8509 9
8510 5
8511 3
8512 3
8513 5
8514 1
8515 0
8516 3
8517 4
8518 6
8519 5
8520 5
8521 2
8522 9
8523 3
8524 8
8525 7
8526 4
8527 8
8528 1
8529 8
8530 4
8531 6
8532 8
8533 5
8534 5
8535 5
8536 8
8537 2
8538 8
8539 4
8540 7
8541 5
8542 4
8543 1
8544 5
8545 6
8546 8
8547 8
8548 8
8549 6
8550 8
8551 4
8552 6
8553 7
8554 2
8555 2
8556 4
8557 7
8558 9
8559 3
8560 3
8561 9
8562 0
8563 0
8564 3
8565 8
8566 2
8567 1
8568 6
8569 9
8570 7
8571 4
8572 4
8573 5
8574 7
8575 2
8576 0
8577 9
8578 5
8579 6
8580 9
8581 6
8582 2
8583 2
8584 8
8585 6
8586 6
8587 6
8588 4
8589 2
8590 6
8591 8
8592 8
8593 3
8594 8
8595 1
8596 2
8597 4
8598 5
8599 0
8600 8
8601 6
8602 0
8603 2
8604 6
8605 4
8606 1
8607 2
8608 5
8609 9
8610 2
8611 1
8612 6
8613 6
8614 6
8615 5
8616 4
8617 9
8618 4
8619 9
8620 9
8621 3
8622 5
8623 7
8624 2
8625 8
8626 6
8627 9
8628 4
8629 6
8630 3
8631 5
8632 2
8633 3
8634 6
8635 9
8636 6
8637 0
8638 9
8639 7
8640 8
8641 7
8642 7
8643 3
8644 3
8645 2
8646 5
8647 7
8648 0
8649 7
8650 8
8651 8
8652 6
8653 8
8654 3
8655 5
8656 9
8657 0
8658 7
8659 2
8660 7
8661 4
8662 0
8663 5
8664 7
8665 7
8666 8
8667 9
8668 8
8669 9
8670 3
8671 1
8672 1
8673 7
8674 7
8675 5
8676 0
8677 7
8678 9
8679 4
8680 0
8681 4
8682 1
8683 1
8684 4
8685 1
8686 3
8687 8
8688 8
8689 6
8690 9
8691 5
8692 1
8693 6
8694 4
8695 3
8696 7
8697 6
8698 2
8699 4
8700 0
8701 5
8702 8
8703 6
8704 3
8705 1
8706 5
8707 8
8708 9
8709 2
8710 3
8711 3
8712 0
8713 0
8714 5
8715 9
8716 3
8717 8
8718 6
8719 9
8720 5
8721 9
8722 8
8723 4
8724 9
8725 4
8726 2
8727 7
8728 7
8729 9
8730 6
8731 8
8732 4
8733 0
8734 2
8735 3
8736 1
8737 9
8738 6
8739 0
8740 5
8741 3
8742 4
8743 9
8744 1
8745 6
8746 7
8747 7
8748 9
8749 8
8750 8
8751 9
8752 2
8753 1
8754 2
8755 9
8756 1
8757 9
8758 2
8759 5
8760 1
8761 4
8762 7
8763 9
8764 4
8765 2
8766 3
8767 5
8768 0
8769 1
8770 2
8771 1
8772 5
8773 5
8774 7
8775 0
8776 5
8777 9
8778 1
8779 3
8780 9
8781 8
8782 4
8783 0
8784 1
8785 2
8786 4
8787 8
8788 1
8789 8
8790 6
8791 2
8792 5
8793 6
8794 1
8795 2
8796 8
8797 5
8798 4
8799 2
8800 2
8801 7
8802 5
8803 2
8804 0
8805 7
8806 2
8807 6
8808 7
8809 7
8810 5
8811 0
8812 8
8813 4
8814 6
8815 2
8816 7
8817 9
8818 2
8819 5
8820 8
8821 2
8822 8
8823 6
8824 0
8825 6
8826 9
8827 1
8828 9
8829 3
8830 3
8831 6
8832 5
8833 1
8834 4
8835 6
8836 9
8837 5
8838 2
8839 3
8840 3
8841 9
8842 3
8843 6
8844 5
8845 8
8846 3
8847 8
8848 2
8849 1
8850 0
8851 5
8852 3
8853 0
8854 5
8855 7
8856 4
8857 1
8858 7
8859 0
8860 6
8861 5
8862 6
8863 5
8864 7
8865 4
8866 6
8867 0
8868 9
8869 0
8870 0
8871 4
8872 8
8873 0
8874 7
8875 3
8876 4
8877 1
8878 5
8879 5
8880 9
8881 2
8882 5
8883 2
8884 4
8885 1
8886 0
8887 8
8888 5
8889 7
8890 2
8891 1
8892 2
8893 4
8894 1
8895 0
8896 4
8897 1
8898 9
8899 6
8900 9
8901 4
8902 6
8903 5
8904 9
8905 1
8906 4
8907 4
8908 4
8909 5
8910 4
8911 1
8912 3
8913 1
8914 4
8915 3
8916 7
8917 9
8918 4
8919 6
8920 7
8921 5
8922 4
8923 5
8924 3
8925 4
8926 7
8927 6
8928 7
8929 0
8930 5
8931 9
8932 5
8933 9
8934 2
8935 9
8936 5
8937 9
8938 1
8939 2
8940 8
8941 5
8942 4
8943 7
8944 9
8945 5
8946 4
8947 0
8948 3
8949 7
8950 3
8951 5
8952 4
8953 9
8954 3
8955 0
8956 9
8957 9
8958 5
8959 6
8960 5
8961 7
8962 8
8963 5
8964 8
8965 1
8966 6
8967 0
8968 9
8969 0
8970 7
8971 4
8972 9
8973 5
8974 4
8975 2
8976 3
8977 8
8978 0
8979 3
8980 2
8981 0
8982 1
8983 3
8984 0
8985 0
8986 4
8987 2
8988 8
8989 0
8990 2
8991 4
8992 0
8993 4
8994 7
8995 1
8996 5
8997 2
8998 7
8999 8
9000 1
9001 3
9002 7
9003 5
9004 3
9005 3
9006 3
9007 9
9008 3
9009 5
9010 1
9011 5
9012 3
9013 0
9014 1
9015 5
9016 5
9017 0
9018 8
9019 2
9020 3
9021 6
9022 8
9023 4
9024 4
9025 7
9026 7
9027 2
9028 6
9029 5
9030 8
9031 5
9032 6
9033 3
9034 6
9035 1
9036 9
9037 0
9038 0
9039 8
9040 0
9041 3
9042 4
9043 6
9044 5
9045 6
9046 1
9047 8
9048 2
9049 3
9050 0
9051 7
9052 0
9053 8
9054 7
9055 8
9056 1
9057 6
9058 8
9059 0
9060 8
9061 7
9062 9
9063 5
9064 2
9065 6
9066 7
9067 9
9068 9
9069 8
9070 6
9071 2
9072 4
9073 9
9074 8
9075 2
9076 4
9077 9
9078 8
9079 1
9080 1
9081 5
9082 1
9083 6
9084 5
9085 4
9086 4
9087 9
9088 0
9089 2
9090 5
9091 4
9092 2
9093 5
9094 8
9095 3
9096 2
9097 1
9098 9
9099 8
9100 4
9101 0
9102 6
9103 2
9104 4
9105 2
9106 6
9107 8
9108 3
9109 3
9110 2
9111 8
9112 9
9113 3
9114 4
9115 5
9116 5
9117 6
9118 1
9119 3
9120 5
9121 0
9122 3
9123 2
9124 7
9125 0
9126 1
9127 4
9128 8
9129 5
9130 6
9131 9
9132 4
9133 6
9134 2
9135 5
9136 7
9137 3
9138 6
9139 1
9140 9
9141 2
9142 0
9143 7
9144 4
9145 2
9146 5
9147 3
9148 8
9149 1
9150 7
9151 8
9152 0
9153 6
9154 0
9155 5
9156 1
9157 7
9158 2
9159 2
9160 4
9161 4
9162 8
9163 6
9164 7
9165 3
9166 1
9167 5
9168 6
9169 8
9170 0
9171 2
9172 6
9173 5
9174 4
9175 4
9176 4
9177 4
9178 1
9179 8
9180 5
9181 1
9182 1
9183 7
9184 5
9185 6
9186 9
9187 7
9188 2
9189 5
9190 8
9191 6
9192 8
9193 0
9194 9
9195 9
9196 6
9197 7
9198 4
9199 0
9200 4
9201 8
9202 3
9203 8
9204 3
9205 0
9206 2
9207 0
9208 8
9209 6
9210 0
9211 2
9212 7
9213 1
9214 2
9215 9
9216 0
9217 5
9218 5
9219 2
9220 4
9221 2
9222 2
9223 0
9224 8
9225 5
9226 5
9227 5
9228 7
9229 8
9230 2
9231 1
9232 7
9233 9
9234 0
9235 9
9236 7
9237 0
9238 7
9239 5
9240 5
9241 3
9242 8
9243 2
9244 7
9245 2
9246 3
9247 2
9248 0
9249 6
9250 3
9251 6
9252 9
9253 1
9254 3
9255 5
9256 5
9257 2
9258 8
9259 9
9260 2
9261 6
9262 6
9263 4
9264 2
9265 0
9266 8
9267 2
9268 3
9269 6
9270 7
9271 3
9272 0
9273 5
9274 0
9275 5
9276 9
9277 1
9278 8
9279 2
9280 0
9281 8
9282 1
9283 0
9284 3
9285 7
9286 8
9287 8
9288 8
9289 6
9290 0
9291 7
9292 6
9293 6
9294 1
9295 3
9296 0
9297 2
9298 7
9299 5
9300 1
9301 9
9302 0
9303 8
9304 5
9305 2
9306 5
9307 7
9308 4
9309 1
9310 2
9311 0
9312 3
9313 5
9314 2
9315 6
9316 7
9317 4
9318 4
9319 2
9320 4
9321 1
9322 9
9323 3
9324 2
9325 3
9326 8
9327 3
9328 8
9329 2
9330 8
9331 0
9332 5
9333 3
9334 0
9335 5
9336 0
9337 3
9338 5
9339 3
9340 0
9341 5
9342 3
9343 3
9344 3
9345 8
9346 9
9347 5
9348 9
9349 9
9350 0
9351 8
9352 8
9353 2
9354 0
9355 7
9356 9
9357 5
9358 1
9359 1
9360 4
9361 6
9362 5
9363 8
9364 4
9365 5
9366 9
9367 1
9368 6
9369 1
9370 9
9371 3
9372 9
9373 9
9374 4
9375 7
9376 5
9377 3
9378 6
9379 2
9380 1
9381 1
9382 1
9383 3
9384 6
9385 7
9386 6
9387 0
9388 2
9389 9
9390 4
9391 4
9392 6
9393 7
9394 2
9395 1
9396 7
9397 1
9398 0
9399 8
9400 0
9401 2
9402 6
9403 2
9404 0
9405 6
9406 7
9407 7
9408 2
9409 7
9410 0
9411 0
9412 6
9413 4
9414 7
9415 2
9416 7
9417 8
9418 6
9419 8
9420 6
9421 0
9422 5
9423 0
9424 9
9425 8
9426 1
9427 0
9428 3
9429 1
9430 5
9431 8
9432 2
9433 2
9434 6
9435 4
9436 9
9437 0
9438 0
9439 3
9440 1
9441 5
9442 0
9443 2
9444 2
9445 6
9446 8
9447 6
9448 2
9449 0
9450 7
9451 3
9452 7
9453 7
9454 5
9455 9
9456 1
9457 8
9458 8
9459 9
9460 3
9461 2
9462 3
9463 3
9464 5
9465 6
9466 6
9467 8
9468 7
9469 2
9470 1
9471 8
9472 6
9473 5
9474 4
9475 5
9476 8
9477 9
9478 7
9479 1
9480 5
9481 5
9482 0
9483 4
9484 0
9485 7
9486 2
9487 7
9488 2
9489 2
9490 0
9491 5
9492 8
9493 7
9494 1
9495 6
9496 5
9497 7
9498 6
9499 3
9500 4
9501 5
9502 1
9503 9
9504 1
9505 5
9506 6
9507 3
9508 8
9509 3
9510 7
9511 1
9512 5
9513 8
9514 0
9515 0
9516 8
9517 2
9518 8
9519 4
9520 0
9521 4
9522 3
9523 5
9524 7
9525 7
9526 9
9527 5
9528 3
9529 8
9530 8
9531 9
9532 0
9533 7
9534 6
9535 1
9536 9
9537 0
9538 1
9539 7
9540 2
9541 7
9542 6
9543 5
9544 9
9545 2
9546 2
9547 7
9548 7
9549 6
9550 0
9551 9
9552 1
9553 2
9554 7
9555 6
9556 8
9557 1
9558 7
9559 2
9560 2
9561 4
9562 7
9563 8
9564 7
9565 5
9566 7
9567 1
9568 5
9569 3
9570 3
9571 2
9572 3
9573 1
9574 2
9575 1
9576 4
9577 1
9578 0
9579 5
9580 9
9581 3
9582 1
9583 2
9584 7
9585 1
9586 2
9587 8
9588 9
9589 2
9590 5
9591 8
9592 1
9593 3
9594 5
9595 4
9596 1
9597 0
9598 0
9599 2
9600 1
9601 7
9602 5
9603 3
9604 8
9605 0
9606 4
9607 0
9608 6
9609 7
9610 1
9611 7
9612 0
9613 5
9614 3
9615 9
9616 4
9617 8
9618 0
9619 4
9620 1
9621 7
9622 6
9623 5
9624 9
9625 9
9626 4
9627 9
9628 6
9629 2
9630 6
9631 2
9632 5
9633 2
9634 9
9635 1
9636 8
9637 9
9638 5
9639 0
9640 3
9641 1
9642 9
9643 0
9644 1
9645 7
9646 9
9647 3
9648 2
9649 4
9650 8
9651 7
9652 3
9653 6
9654 1
9655 7
9656 6
9657 5
9658 4
9659 7
9660 2
9661 7
9662 1
9663 1
9664 3
9665 1
9666 4
9667 7
9668 6
9669 8
9670 0
9671 2
9672 5
9673 2
9674 2
9675 4
9676 7
9677 3
9678 6
9679 4
9680 9
9681 0
9682 0
9683 0
9684 5
9685 3
9686 8
9687 5
9688 1
9689 1
9690 6
9691 2
9692 6
9693 2
9694 4
9695 8
9696 2
9697 3
9698 3
9699 0
9700 2
9701 3
9702 6
9703 7
9704 9
9705 7
9706 9
9707 2
9708 0
9709 8
9710 6
9711 6
9712 9
9713 4
9714 5
9715 7
9716 7
9717 3
9718 4
9719 5
9720 7
9721 1
9722 5
9723 8
9724 2
9725 8
9726 0
9727 0
9728 3
9729 9
9730 3
9731 2
9732 5
9733 8
9734 5
9735 2
9736 4
9737 2
9738 2
9739 1
9740 1
9741 2
9742 4
9743 9
9744 1
9745 4
9746 8
9747 1
9748 3
9749 3
9750 6
9751 1
9752 6
9753 6
9754 8
9755 2
9756 0
9757 8
9758 2
9759 2
9760 8
9761 1
9762 5
9763 6
9764 1
9765 1
9766 8
9767 5
9768 5
9769 8
9770 7
9771 9
9772 7
9773 2
9774 5
9775 2
9776 1
9777 8
9778 4
9779 9
9780 2
9781 7
9782 0
9783 0
9784 8
9785 0
9786 2
9787 2
9788 3
9789 1
9790 8
9791 0
9792 9
9793 9
9794 4
9795 1
9796 3
9797 5
9798 4
9799 7
9800 3
9801 2
9802 9
9803 3
9804 1
9805 0
9806 1
9807 3
9808 3
9809 8
9810 4
9811 3
9812 1
9813 2
9814 1
9815 5
9816 4
9817 9
9818 6
9819 7
9820 8
9821 0
9822 3
9823 7
9824 6
9825 5
9826 4
9827 6
9828 0
9829 0
9830 8
9831 3
9832 7
9833 6
9834 9
9835 5
9836 1
9837 0
9838 0
9839 9
9840 1
9841 6
9842 2
9843 9
9844 8
9845 2
9846 7
9847 4
9848 1
9849 0
9850 9
9851 4
9852 1
9853 8
9854 1
9855 1
9856 5
9857 2
9858 5
9859 5
9860 1
9861 2
9862 6
9863 9
9864 2
9865 4
9866 3
9867 4
9868 4
9869 8
9870 0
9871 5
9872 3
9873 2
9874 3
9875 6
9876 6
9877 4
9878 1
9879 6
9880 7
9881 3
9882 6
9883 9
9884 7
9885 0
9886 7
9887 1
9888 0
9889 8
9890 5
9891 2
9892 5
9893 8
9894 6
9895 8
9896 9
9897 5
9898 6
9899 8
9900 4
9901 5
9902 4
9903 5
9904 9
9905 8
9906 6
9907 0
9908 3
9909 5
9910 0
9911 7
9912 2
9913 7
9914 7
9915 5
9916 9
9917 7
9918 8
9919 8
9920 4
9921 9
9922 6
9923 9
9924 0
9925 2
9926 4
9927 3
9928 7
9929 3
9930 9
9931 3
9932 2
9933 9
9934 0
9935 5
9936 2
9937 5
9938 5
9939 0
9940 5
9941 1
9942 6
9943 4
9944 7
9945 3
9946 7
9947 1
9948 2
9949 5
9950 9
9951 4
9952 3
9953 6
9954 7
9955 0
9956 7
9957 3
9958 6
9959 8
9960 9
9961 9
9962 2
9963 5
9964 8
9965 3
9966 6
9967 0
9968 5
9969 3
9970 6
9971 7
9972 3
9973 9
9974 8
9975 1
9976 5
9977 0
9978 5
9979 0
9980 8
9981 8
9982 1
9983 0
9984 4
9985 8
9986 2
9987 6
9988 2
9989 4
9990 4
9991 0
9992 6
9993 5
9994 0
9995 3
9996 0
9997 5
9998 0
9999 1
10000 6
